caller	callees
7100100018	71003db920,71003db9b0
7100100060	71003db390
71001000c0	71003db390,71003db920
710010012c	71003db9c0
710010014c	71003db9d0
7100100158	71003db370
7100100160	71003db920,71003db9b0
71001001a0	71003db000,71003db340,71003db3a0,71003db9a0
7100100308	71003db920,71003db9b0
7100100350	71003db390
71001003b0	71003db390,71003db920
710010041c	71003db9c0
710010043c	71003db9d0
7100100448	71003db370
7100100450	71003db920,71003db9b0
7100100490	71003db000,71003db340,71003db3a0,71003db9a0
71001005f8	71003db920,71003db9b0
7100100640	71003db390
71001006a0	71003db390,71003db920
710010070c	71003db9c0
710010072c	71003db9d0
7100100738	71003db370
7100100740	71003db920,71003db9b0
7100100780	71003db000,71003db340,71003db3a0,71003db9a0
71001008e8	71003db920,71003db9b0
7100100930	71003db390
7100100990	71003db390,71003db920
71001009fc	71003db9c0
7100100a1c	71003db9d0
7100100a28	71003db370
7100100a30	71003db920,71003db9b0
7100100a70	71003db000,71003db340,71003db3a0,71003db9a0
7100100bd8	71003db920,71003db9b0
7100100c20	71003db390
7100100c80	71003db390,71003db920
7100100cec	71003db9c0
7100100d0c	71003db9d0
7100100d18	71003db370
7100100d20	71003db920,71003db9b0
7100100d60	71003db000,71003db340,71003db3a0,71003db9a0
7100100ec8	71003db920,71003db9b0
7100100f10	71003db390
7100100f70	71003db390,71003db920
7100100fdc	71003db9c0
7100100ffc	71003db9d0
7100101008	71003db370
7100101010	71003db920,71003db9b0
7100101050	71003db000,71003db340,71003db3a0,71003db9a0
71001011b8	71003db920,71003db9b0
7100101200	71003db390
7100101260	71003db390,71003db920
71001012cc	71003db9c0
71001012ec	71003db9d0
71001012f8	71003db370
7100101300	71003db920,71003db9b0
7100101340	71003db000,71003db340,71003db3a0,71003db9a0
71001014a8	71003db920,71003db9b0
71001014f0	71003db390
7100101550	71003db390,71003db920
71001015bc	71003db9c0
71001015dc	71003db9d0
71001015e8	71003db370
71001015f0	71003db920,71003db9b0
7100101630	71003db000,71003db340,71003db3a0,71003db9a0
7100101798	71003db920,71003db9b0
71001017e0	71003db390
7100101840	71003db390,71003db920
71001018ac	71003db9c0
71001018cc	71003db9d0
71001018d8	71003db370
71001018e0	71003db920,71003db9b0
7100101920	71003db000,71003db340,71003db3a0,71003db9a0
7100101a88	71003db920,71003db9b0
7100101ad0	71003db390
7100101b30	71003db390,71003db920
7100101b9c	71003db9c0
7100101bbc	71003db9d0
7100101bc8	71003db370
7100101bd0	71003db920,71003db9b0
7100101c10	71003db000,71003db340,71003db3a0,71003db9a0
7100101d78	71003db920,71003db9b0
7100101dc0	71003db390
7100101e20	71003db390,71003db920
7100101e8c	71003db9c0
7100101eac	71003db9d0
7100101eb8	71003db370
7100101ec0	71003db920,71003db9b0
7100101f00	71003db000,71003db340,71003db3a0,71003db9a0
7100102068	71003db920,71003db9b0
71001020b0	71003db390
7100102110	71003db390,71003db920
710010217c	71003db9c0
710010219c	71003db9d0
71001021a8	71003db370
71001021b0	71003db920,71003db9b0
71001021f0	71003db000,71003db340,71003db3a0,71003db9a0
7100102358	71003db920,71003db9b0
71001023a0	71003db390
7100102400	71003db390,71003db920
710010246c	71003db9c0
710010248c	71003db9d0
7100102498	71003db370
71001024a0	71003db920,71003db9b0
71001024e0	71003db000,71003db340,71003db3a0,71003db9a0
7100102648	71003db920,71003db9b0
7100102690	71003db390
71001026f0	71003db390,71003db920
710010275c	71003db9c0
710010277c	71003db9d0
7100102788	71003db370
7100102790	71003db920,71003db9b0
71001027d0	71003db000,71003db340,71003db3a0,71003db9a0
7100102938	71003db920,71003db9b0
7100102980	71003db390
71001029e0	71003db390,71003db920
7100102a4c	71003db9c0
7100102a6c	71003db9d0
7100102a78	71003db370
7100102a80	71003db920,71003db9b0
7100102ac0	71003db000,71003db340,71003db3a0,71003db9a0
7100102c28	71003db920,71003db9b0
7100102c70	71003db390
7100102cd0	71003db390,71003db920
7100102d3c	71003db9c0
7100102d5c	71003db9d0
7100102d68	71003db370
7100102d70	71003db920,71003db9b0
7100102db0	71003db920,71003db9b0
7100102df0	71003db390
7100102e50	71003db390,71003db920
7100102ebc	71003db9c0
7100102ef0	71003db920,71003db9b0
7100102f30	71003db920,71003db9b0
7100102f70	71003db390
7100102fd0	71003db390,71003db920
710010303c	71003db9c0
7100103070	71003db920,71003db9b0
71001030b4	71003db8e0,71003dbba0,71003dbbb0
71001031cc	71003db920,71003db9b0
7100103210	71003db8e0,71003dbba0,71003dbbb0
7100103328	71003db920,71003db9b0
7100103370	71003db000,71003db340,71003db3a0,71003db9a0
71001034d8	71003db920,71003db9b0
7100103520	71003db390
7100103580	71003db390,71003db920
71001035ec	71003db9c0
710010360c	71003db9d0
7100103618	71003db370
7100103620	71003db920,71003db9b0
7100103660	71003db000,71003db340,71003db3a0,71003db9a0
71001037c8	71003db920,71003db9b0
7100103810	71003db390
7100103870	71003db390,71003db920
71001038dc	71003db9c0
71001038fc	71003db9d0
7100103908	71003db370
7100103910	71003db920,71003db9b0
7100103950	71003db000,71003db340,71003db3a0,71003db9a0
7100103ab8	71003db920,71003db9b0
7100103b00	71003db390
7100103b60	71003db390,71003db920
7100103bcc	71003db9c0
7100103bec	71003db9d0
7100103bf8	71003db370
7100103c00	71003db920,71003db9b0
7100103c40	71003db000,71003db340,71003db3a0,71003db9a0
7100103da8	71003db920,71003db9b0
7100103df0	71003db390
7100103e50	71003db390,71003db920
7100103ebc	71003db9c0
7100103edc	71003db9d0
7100103ee8	71003db370
7100103ef0	71003db920,71003db9b0
7100103f30	71003db000,71003db340,71003db3a0,71003db9a0
7100104098	71003db920,71003db9b0
71001040e0	71003db390
7100104140	71003db390,71003db920
71001041ac	71003db9c0
71001041cc	71003db9d0
71001041d8	71003db370
71001041e0	71003db920,71003db9b0
7100104220	71003db000,71003db340,71003db3a0,71003db9a0
7100104388	71003db920,71003db9b0
71001043d0	71003db390
7100104430	71003db390,71003db920
710010449c	71003db9c0
71001044bc	71003db9d0
71001044c8	71003db370
71001044d0	71003db920,71003db9b0
7100104510	71003e69f0
7100104540	71003db1c0,71003db1d0,71003db1e0,71003db2b0,71003dbe00,71003dcb60,71003e29f0,71003e3090,71003e6a00,71003e6a10,71003e6a20,71003e6a30
7100104c1c	71003db200,71003db3a0,71003dbe00,71003dc1a0,71003e29f0,71003e30b0
7100104d4c	71003dbe00,71003e29f0,71003e3090
7100104dec	71003e6a40
7100104e70	71003dafe0,71003db000,71003db2f0,71003db340,71003db360,71003db370,71003db390,71003db3a0,71003db8b0,71003db9a0,71003dbe80,71003dbe90
7100105114	71003dc220
710010511c	71003db200,71003db3a0,71003dc1a0
71001051b4	71001060f0,71001061f0,71003dafe0,71003db000,71003db280,71003db2a0,71003db2b0,71003db2c0,71003db340,71003db360,71003db370,71003db380,71003db390,71003db3a0,71003db3e0,71003db480,71003db4f0,71003dbb80,71003dbb90,71003dbe00,71003dcb60,71003df880,71003e1c00,71003e2980,71003e29f0,71003e3090,71003e3310,71003e4c60,71003e4ca0,71003e6a10,71003e6a50
71001060f0	71000cdc00,71003dafe0,71003db000,71003db050,71003db8b0,71003db8f0
71001061f0	71003db000,71003db340,71003db360,71003db370,71003db3a0,71003db9a0
7100106390	71000166d8,71003dafe0,71003db000,71003dbe00,71003dce00,71003dd6c0,71003e6a60
71001072dc	71003df880
7100107368	71003db900,71003db910,71003db920
71001073c0	71003dafe0,71003db900,71003db910,71003db920
7100107480	71003db920,71003e6a80
71001074b0	71003dafe0,71003db900,71003db910
7100107520	71003dafe0,71003db900,71003db910,71003db920
7100107598	71003db900,71003db910,71003db920
7100107608	71003db900,71003db910,71003db920
7100107680	71003db900,71003db910,71003db920
71001077bc	71003dafe0,71003db900,71003db910
7100107828	71003dafe0,71003db900,71003db910,71003db920
71001079c0	71003db920,71003db9b0
7100107a00	71003db390
7100107a60	71003db390,71003db920
7100107acc	71003db9c0
7100107b00	71003db920,71003db9b0
7100107b40	71003db920,71003db9b0
7100107b80	71003db390
7100107be0	71003db390,71003db920
7100107c4c	71003db9c0
7100107c80	71003db920,71003db9b0
7100107cc0	71003e69f0
7100107cf0	71003dbb90,71003e3090,71003e30b0,71003e6a00,71003e6a20,71003e6a30,71003e6aa0
7100107ee4	71003dd920,71003e6a40
7100107f78	71003db2a0,71003db2b0,71003db2c0,71003db480,71003db4f0,71003dbb90,71003df880,71003e3090,71003e30b0,71003e6a50,71003e6aa0,71003e6ab0,71003e6ac0,71003e6ad0
710010834c	71003db9a0
71001083b0	71000166d8,71003dafe0,71003db000,71003db3a0,71003dbe00,71003dcb20,71003dce00,71003df880,71003e6a60
7100108958	71003db900,71003db910,71003db920
71001089b0	71003db900,71003db910,71003db920
7100108a28	71003dafe0,71003db900,71003db910,71003db920
7100108aa4	71003e69f0
7100108b10	71003dbb90,71003e3090,71003e30b0,71003e6a00,71003e6a20,71003e6a30,71003e6ae0
7100108c98	71003e6a40
7100108ce0	71003db2a0,71003db2b0,71003db2c0,71003db480,71003db4f0,71003dbb90,71003df880,71003e3090,71003e30b0,71003e6a50,71003e6ab0,71003e6ac0,71003e6ad0,71003e6ae0
7100109040	71003db9a0
710010908c	71003e0170
71001090e0	71003daf60,71003dafa0,71003db0a0,71003db0f0,71003db1a0,71003db1c0,71003db1d0,71003db1e0,71003db200,71003db280,71003db2c0,71003db340,71003db360,71003db370,71003db380,71003db390,71003db3a0,71003db3e0,71003db460,71003db480,71003db4f0,71003dbb80,71003dbd60,71003dbdc0,71003dc680,71003dcc40,71003dcd80,71003dce20,71003de060,71003df410,71003df880,71003e2300,71003e31e0,71003e3510,71003e6ae0,71003e6af0
71001099b0	71003db900,71003db910,71003db920
7100109a08	71003db900,71003db910,71003db920
7100109a80	71003db900,71003db910,71003db920
7100109ad8	71003dafe0,71003db000,71003db340,71003dfd30,71003dfdc0,71003dfdd0,71003e69f0
710010a06c	71003dbb90,71003e6a00,71003e6a20,71003e6a30
710010a158	71003e69f0
710010a188	71003db4f0,71003dbb90,71003e6a00,71003e6a20,71003e6a30
710010a234	71003e6a40,71003e6b00
710010a2a0	71000166ec,710010b284,71003dafe0,71003db000,71003db0f0,71003db2b0,71003db2d0,71003db340,71003db360,71003db370,71003db390,71003db460,71003db470,71003dbb80,71003dbb90,71003dbdc0,71003dc0a0,71003dcb20,71003dcb40,71003dcb60,71003dcb90,71003de070,71003dedb0,71003df880,71003dfd30,71003dfdc0,71003dfdd0,71003e2550,71003e2560,71003e2570,71003e3090,71003e30b0,71003e6a50,71003e6b00,71003e6b10,71003e6b20,71003e6b30,71003e6b40,71003e6b50,71003e6b60,71003e6b70,71003e6b80
710010b284	71003e3310
710010b37c	71003db900,71003db910
710010b40c	71003db900,71003db910,71003db920
710010b4a4	71003db900,71003db910,71003db920
710010b4fc	71003db900,71003db910,71003db920
710010b594	71003db900,71003db910,71003db920
710010b640	71003db000,71003db340,71003db3a0,71003db9a0
710010b7a8	71003db920,71003db9b0
710010b7f0	71003db390
710010b850	71003db390,71003db920
710010b8bc	71003db9c0
710010b8dc	71003db9d0
710010b8e8	71003db370
710010b8f0	71003db920,71003db9b0
710010b930	71003e69f0
710010b960	71003db4f0,71003dbb90,71003e6a00,71003e6a20,71003e6a30,71003e6b90
710010ba38	71003e69f0
710010ba68	71003db200,71003db480,71003db4f0,71003dbb90,71003dcc60,71003dcc90,71003df410,71003e6a00,71003e6a20,71003e6a30
710010bb84	71003db340,71003dd4e0,71003e6a40
710010bd14	71003daea0,71003daeb0,71003db2a0,71003db2b0,71003db2c0,71003db480,71003db4f0,71003dbb90,71003dcb20,71003dd480,71003df880,71003e3090,71003e30b0,71003e4c80,71003e6a50,71003e6ab0,71003e6ac0,71003e6ad0,71003e6b90,71003e6ba0,71003e6bb0
710010c4b8	71003db9a0
710010c504	71003db900,71003db910,71003db920
710010c55c	71003db900,71003db910,71003db920
710010c5b4	71003db900,71003db910,71003db920
710010c664	71003db900,71003db910,71003db920
710010c71c	71003e69f0
710010c750	71003dafe0,71003db000,71003db0f0,71003db1c0,71003db1d0,71003db1e0,71003db200,71003db340,71003db4f0,71003dbb90,71003dbd60,71003dc330,71003df590,71003dfd30,71003dfdc0,71003dfdd0,71003e1c00,71003e29f0,71003e6a00,71003e6a20,71003e6a30,71003e6bc0
710010cd70	71003e6a40
710010cde8	71003db2a0,71003db2b0,71003db2c0,71003db3a0,71003dbb90,71003dbdc0,71003dcb60,71003df880,71003e29f0,71003e3090,71003e30b0,71003e3310,71003e6a50,71003e6bd0
710010d3f4	71003db3a0,71003e3310
710010d5a0	71003db900,71003db910
710010d618	71003db900,71003db910,71003db920
710010d698	71003db900,71003db910,71003db920
710010d710	71003e69f0
710010d740	71003dafe0,71003db4f0,71003dbb90,71003e29e0,71003e6a00,71003e6a20,71003e6a30
710010d874	71003e69f0
710010d8a4	71003db4f0,71003dbb90,71003e6a00,71003e6a20,71003e6a30
710010d950	71003e6a40
710010d9a0	71003dafe0,71003db2a0,71003db2b0,71003db2c0,71003db480,71003db4f0,71003dbb90,71003df880,71003e29e0,71003e6a50,71003e6ab0,71003e6ac0,71003e6ad0
710010dd58	71003db9a0
710010dda8	71003db900,71003db910,71003db920
710010de00	71003db900,71003db910,71003db920
710010de58	71003db900,71003db910,71003db920
710010ded0	71003db200,71003e0170
710010df30	71003db200,71003e0170
710010df98	71003dcc60
710010dfa0	71003df620
710010dfb0	71003db470,71003df690
710010dff0	71003db0f0,71003e5830,71003e5e40,71003e6be0
710010e084	71003daf60,71003db1c0,71003db1d0,71003db1e0
710010e0f0	71003daf60,71003db1c0,71003db1d0,71003db1e0,71003e5620,71003e6bf0,71003e6c00,71003e6c10
710010e1b0	71003db200,71003db2b0,71003db2c0,71003db330,71003db470,71003db480,71003db4f0,71003db8e0,71003df510
710010e2d0	71003db200,71003db2b0,71003db2c0,71003db330,71003db470,71003db480,71003db4f0,71003db8e0,71003dbd10,71003df510
710010e408	71003db200,71003e0170
710010e470	71003db200,71003e0170
710010e4dc	71003dcc60
710010e4e4	71003df620
710010e4f0	71003db470,71003df690
710010e52c	71003daf60
710010e560	710003bb50,710010ef4c,71003db920,71003db9a0,71003dcb60
710010e730	71003e3310
710010e7c0	71003dbdc0
710010e834	71003e0170
710010e874	71003dbb90,71003e6c20
710010e970	71003db000,71003db0f0,71003db340,71003db360,71003db370,71003db390,71003db3a0,71003db9a0,71003dbb80,71003dc220,71003dc420,71003dc440,71003dc460,71003e3530,71003e69d0
710010ee7c	71003dafe0,71003db900,71003db910,71003db920
710010eef4	71003db900,71003db910,71003db920
710010ef4c	7100007a40
710010ef64	71003db8e0,71003dbba0
710010f040	71003db920,71003db9b0
710010f080	71003db1c0,71003db1d0,71003db1e0,71003e0170,71003e0180,71003e0190,71003e4260
710010f6f0	71003dafe0,71003db900,71003db910,71003e01d0,71003e6c40
710010fc60	71003e6c50
710010fc68	71003db920,71003e6c50
710010fc8c	71003db920,71003e6c50
710010fcb4	71003db470,71003db480,71003dbb80,71003dc860,71003e4930,71003e6c60,71003e6c70,71003e6c80,71003e6c90,71003e6ca0,71003e6cb0,71003e6cc0,71003e6cd0,71003e6ce0,71003e6cf0,71003e6d00,71003e6d10,71003e6d20
710010fe20	71003dafa0,71003dafe0,71003db000,71003db1c0,71003db1d0,71003db1e0,71003db200,71003db340,71003db700,71003dc000,71003dcb20,71003dfa30,71003e2180,71003e2190,71003e2570,71003e2980,71003e29e0,71003e2a30,71003e2a40,71003e3980,71003e47d0,71003e6d30
7100110560	71003db1c0,71003db1d0,71003db1e0,71003db4c0,71003db790,71003de0b0,71003e3bd0,71003e6d40,71003e6d50,71003e6d60,71003e6d70
7100110774	71003db340,71003db360,71003db370,71003db390,71003db3a0,71003dbb80,71003e6d80,71003e6d90,71003e6da0,71003e6db0,71003e6dc0,71003e6dd0,71003e6de0,71003e6df0
710011097c	71003dafa0,71003dafe0,71003db0f0,71003db1c0,71003db1d0,71003db1e0,71003db2a0,71003db2c0,71003db2f0,71003db340,71003db3a0,71003dc000,71003dc1a0,71003dc510,71003dc890,71003dd1d0,71003dd6c0,71003dd6d0,71003de260,71003df770,71003df880,71003dfd30,71003e1630,71003e1640,71003e1650,71003e1680,71003e1690,71003e16a0,71003e16b0,71003e16c0,71003e2270,71003e2300,71003e2970,71003e2a80,71003e47d0,71003e4b50,71003e4b90,71003e5290,71003e6e00,71003e6e10,71003e6e20,71003e6e30
71001122a0	710003bb14,7100132628,710013262c,71003daf60,71003dafe0,71003db000,71003db050,71003db0a0,71003db0f0,71003db1c0,71003db1d0,71003db1e0,71003db2f0,71003db340,71003db360,71003db370,71003db390,71003db3a0,71003db460,71003dbb80,71003dc1a0,71003dc280,71003dc290,71003dc460,71003dc510,71003dc710,71003dcb00,71003dcd10,71003dce20,71003dce30,71003de200,71003df880,71003e1630,71003e1c00,71003e2e20,71003e3340,71003e3510,71003e5290,71003e69d0,71003e6ce0,71003e6e40,71003e6e50,71003e6e60,71003e6e70,71003e6e80,71003e6e90,71003e6ea0,71003e6eb0
7100113210	71003daf60,71003db0f0,71003db1c0,71003db1d0,71003db1e0,71003db4c0,71003dc000,71003e3090,71003e30c0,71003e3510,71003e5290,71003e6ce0,71003e6e80,71003e6ec0,71003e6ed0,71003e6ee0
7100113530	71003daf60,71003dafe0,71003db1c0,71003db1d0,71003db1e0,71003db2a0,71003db2c0,71003db2f0,71003db340,71003db360,71003db370,71003db390,71003db3a0,71003db4c0,71003dbb80,71003dc000,71003dc280,71003dc290,71003dc460,71003de3c0,71003deb20,71003deb30,71003df5c0,71003df770,71003df7e0,71003df880,71003e1620,71003e1640,71003e2e20,71003e3090,71003e30b0,71003e5290,71003e69d0,71003e6ce0,71003e6e50,71003e6e70,71003e6e80,71003e6e90,71003e6ef0,71003e6f00,71003e6f10,71003e6f20,71003e6f30,71003e6f40,71003e6f50,71003e6f60,71003e6f70,71003e6f80,71003e6f90
7100113e90	710003bb28,71003daf10,71003daf60,71003dafa0,71003dafb0,71003dafc0,71003dafd0,71003dafe0,71003db000,71003db0f0,71003db180,71003db1c0,71003db1d0,71003db1e0,71003db200,71003db2a0,71003db2c0,71003db2f0,71003db330,71003db340,71003db360,71003db370,71003db390,71003db3a0,71003db430,71003db440,71003db470,71003db480,71003db4c0,71003db4f0,71003db8e0,71003db9f0,71003dbb80,71003dbdc0,71003dbde0,71003dbe00,71003dbe10,71003dbea0,71003dc000,71003dc010,71003dc6f0,71003dc710,71003dc7a0,71003dc860,71003dc8b0,71003dcb00,71003dcb60,71003dcca0,71003dce20,71003dd6c0,71003de130,71003de200,71003de260,71003de3c0,71003df4c0,71003df770,71003df7e0,71003df880,71003df8e0,71003df9a0,71003dfa20,71003dfe80,71003e01b0,71003e0310,71003e0470,71003e1620,71003e1640,71003e1c00,71003e2270,71003e3340,71003e3510,71003e3540,71003e3760,71003e3a20,71003e44f0,71003e4930,71003e49d0,71003e5050,71003e5290,71003e58b0,71003e5b70,71003e5e80,71003e6ce0,71003e6e00,71003e6e80,71003e6ec0,71003e6f00,71003e6f20,71003e6f30,71003e6fa0,71003e6fb0,71003e6fc0,71003e6fd0,71003e6fe0,71003e6ff0,71003e7000,71003e7010,71003e7020,71003e7030,71003e7040
7100118838	71003dbb80,71003e6ce0
71001188b0	71003daf60,71003db0e0,71003db0f0,71003db140,71003db1c0,71003db1d0,71003db1e0,71003db340,71003db3a0,71003dc860,71003dc8b0,71003dfd30,71003e3760,71003e4930,71003e5290,71003e7050,71003e7060,71003e7070,71003e7080,71003e7090,71003e70a0,71003e70b0
7100118b80	71003daf60,71003db1c0,71003db1d0,71003db1e0,71003db4f0,71003dbb80,71003dc8b0,71003dcb60,71003dcce0,71003de3c0,71003deaa0,71003e3760,71003e4930,71003e5290,71003e6e00,71003e6fb0,71003e70c0,71003e70d0,71003e70e0
7100118ec0	71003db1c0,71003db1d0,71003db1e0,71003df7e0,71003e1620,71003e1640,71003e3960
7100119200	7100016860,7100126260,71003daf30,71003dafd0,71003db000,71003db0f0,71003db340,71003db470,71003db780,71003db9c0,71003dc860,71003dc8b0,71003dc8c0,71003dc8f0,71003dc900,71003dc910,71003dc9b0,71003dd410,71003de020,71003de2b0,71003e1760,71003e3760,71003e4340,71003e6330,71003e6420,71003e6c40,71003e70f0,71003e7100,71003e7110,71003e7120,71003e7130,71003e7140,71003e7150,71003e7160,71003e7170,71003e7180,71003e7190
7100119790	71000fd858,71003dafd0,71003dafe0,71003db000,71003db050,71003db1c0,71003db1d0,71003db1e0,71003ddf20,71003de130,71003de3d0,71003de960,71003e4260
7100119f00	710003bb28,71003dafe0,71003db000,71003db1c0,71003db1d0,71003db1e0,71003de0b0
710011a1d0	710003bb28,71003dafe0,71003db000,71003db1c0,71003db1d0,71003db1e0,71003de0b0
710011a4b0	71003db1c0,71003db1d0,71003db1e0,71003de3c0,71003e71a0,71003e71b0
710011ad80	71003dafc0
710011ada0	71003dafc0
710011aea0	71003dafc0
710011afc0	71003dce20
710011b010	71003db1c0,71003db1d0,71003db1e0,71003dce20
710011b11c	71003db1c0,71003db1d0,71003db1e0,71003e3510
710011b220	71003dc000
710011b290	71003dc010
710011b360	71000adce0,710011ead0,710011ed30,710011f490,7100126f40,710012704c,71001287a4,7100129410,7100129430,710012a880,710012c6e8,710012c700,710012d6a0,71003dafe0,71003db000,71003db1c0,71003db1d0,71003db1e0,71003db3a0,71003de0b0,71003de130,71003de1e0,71003de3c0,71003deb90,71003e71c0,71003e71d0
710011ead0	7100126f40,7100129410,71003dafe0,71003db000,71003db050
710011ed30	7100057c24,71000adce0,7100127440,71003dafe0,71003db000,71003db050,71003e71c0,71003e71d0,71003e71e0,71003e71f0
710011f490	7100126f40,71003dafe0,71003e7200
710011f7c0	71003dafe0
710011f8dc	71003db200,71003db2a0,71003db2c0
710011f9a0	710003bb14,710003bb28,71000a971c,71000adce0,710012e890,71001305b0,71003daf30,71003dafd0,71003dafe0,71003db000,71003db050,71003db1c0,71003db1d0,71003db1e0,71003db340,71003db3a0,71003db3b0,71003dbe00,71003dc040,71003dd680,71003dd7d0,71003dd7e0,71003dd7f0,71003dd810,71003dd830,71003dda20,71003ddf20,71003de130,71003de200,71003de260,71003de3c0,71003de560,71003de570,71003de580,71003de5b0,71003dfd30,71003e04e0,71003e1be0,71003e1bf0,71003e3040,71003e3230,71003e3290,71003e4db0,71003e6340,71003e7210,71003e7220,71003e7230,71003e7240,71003e7250,71003e7260,71003e7270
710012233c	71003db340,71003dfd30
71001223d0	71003dafe0,71003db000,71003db340,71003db3a0,71003de200,71003dfd30
7100122678	71003db200,71003db2c0,71003db430,71003db440
7100122740	71003daf60
7100122970	71003daef0,71003daf10,71003daf60,71003db1c0,71003db1d0,71003db1e0,71003dc000,71003dc010,71003e5290,71003e6e80,71003e7280,71003e7290
7100123890	7100132660,71003daf60,71003dafc0,71003dafe0,71003db0f0,71003db1c0,71003db1d0,71003db1e0,71003db2c0,71003db340,71003db360,71003db370,71003db390,71003db3a0,71003db440,71003db4c0,71003dbb80,71003dc000,71003dc010,71003dcb60,71003dce20,71003e30c0,71003e3510,71003e5290,71003e6310,71003e6ce0,71003e6ec0,71003e6ef0,71003e6f00,71003e6f10,71003e6f40,71003e72a0,71003e72b0,71003e72c0,71003e72d0,71003e72e0,71003e72f0,71003e7300,71003e7310
71001243cc	71003db340,71003dcd20,71003e0170,71003e30e0
7100124520	71003db1c0,71003db1d0,71003db1e0,71003dc8b0,71003e3760
7100124574	71003e01b0
71001245b0	7100057c24,7100133a40,71003daec0,71003daf30,71003daf50,71003daf60,71003dafa0,71003dafe0,71003db000,71003db050,71003db1c0,71003db1d0,71003db1e0,71003db340,71003db3a0,71003db3b0,71003dbe00,71003de0b0,71003e22c0,71003e4ae0,71003e5290,71003e7330,71003e7340,71003e7350,71003e7360,71003e7370,71003e7380,71003e7390,71003e73a0
7100124ad0	7100057c24,7100134c00,71003daf60,71003dafe0,71003db000,71003db050,71003db0f0,71003db1c0,71003db1d0,71003db1e0,71003db3a0,71003dc8b0,71003de0b0,71003de200,71003de3c0,71003e5290,71003e7330,71003e73a0,71003e73c0,71003e73d0,71003e73e0
7100125240	71003db1c0,71003db1d0,71003db1e0,71003db470,71003de2a0,71003e01b0,71003e3730,71003e3760,71003e73f0,71003e7400
7100125890	71003db1c0,71003db1d0,71003db1e0,71003db3a0,71003de130,71003de200,71003de3c0,71003df9a0,71003e7410,71003e7420,71003e7430
7100125a10	71003db1c0,71003db1d0,71003db1e0,71003db3a0,71003dc8b0,71003de0b0,71003de130,71003de1e0,71003de200,71003de3c0,71003e3880,71003e4160,71003e42c0,71003e7440,71003e7450,71003e7460,71003e7470
7100126260	71003db1c0,71003db1d0,71003db1e0,71003de2a0,71003e0380,71003e3730
71001264d0	71003daf60,71003db1c0,71003db1d0,71003db1e0,71003db480,71003e5290,71003e6fe0,71003e7000,71003e7320,71003e7330,71003e73b0,71003e7480,71003e7490,71003e74a0,71003e74b0,71003e74c0,71003e74d0,71003e74e0,71003e74f0
7100126610	71003db470,71003dc860,71003dc8c0,71003dd410,71003ddf40,71003e4340,71003e7500,71003e7510
7100126840	71003db920,71003e7520
7100126864	71003db340,71003e2980
710012699c	71003ddaf0
7100126a24	71003db340,71003e17e0,71003e17f0
7100126be4	71003ddaf0
7100126cac	71003db1c0,71003db1d0,71003db1e0,71003db3a0
7100126dd4	71003e7530
7100126e0c	71003dafe0
7100126ea4	71003dafe0,71003db920
7100126f40	710012704c,71003dafe0,71003db000,71003db050
710012704c	7100007a40
7100127060	71003dafe0,71003e71c0
71001270b0	710012704c,71003dafe0,71003db000
71001272d0	710012704c,71003dafe0,71003db000
7100127440	7100127440,7100127ee0,7100128060,7100128400
7100127ee0	7100128400
7100128060	7100127ee0,7100128400
7100128600	7100128790,71003dafe0,71003db000
7100128790	7100007a40
71001287a4	7100007a40
71001287b8	71003dafe0,71003e7270
7100128808	71003db900,71003db910,71003db920
7100128870	710003bb28,71003dafe0,71003db000
71001289d8	71003db900,71003db910
7100128a50	71003db900,71003db910,71003db920
7100128ad0	71003db0f0,71003db2c0,71003db2f0,71003db340,71003db360,71003db370,71003db390,71003db3a0,71003db430,71003db440,71003dbb80,71003dc000,71003dc010,71003dc6f0,71003dc710,71003dcb00,71003dcb60,71003dcf10,71003de200,71003df880,71003e3340,71003e7540
7100128f80	71003db000,71003db340,71003db3a0,71003db9a0
71001290e8	71003db920,71003db9b0
7100129130	71003db390
7100129190	71003db390,71003db920
71001291fc	71003db9c0
710012921c	71003db9d0
7100129228	71003db370
7100129230	71003db920,71003db9b0
71001292a0	710012704c,71003dafe0,71003db000
7100129410	7100007a40
7100129430	7100129430,7100129ea0,710012a150,710012a3f0,710012a680
7100129ea0	710012a680
710012a3f0	7100129ea0,710012a150,710012a680
710012a680	710012a150
710012a880	710012a880,710012b890,710012bc80,710012c0b0,710012c400,71003dafe0
710012b890	710012c400
710012c0b0	710012b890,710012bc80,710012c400,71003dafe0
710012c400	710012bc80
710012c6e8	7100007a40
710012c700	710012c700,710012cfb0,710012d170,710012d300,710012d550
710012cfb0	710012d550
710012d300	710012cfb0,710012d170,710012d550
710012d550	710012d170
710012d6a0	710012d6a0,710012dff0,710012e240,710012e470,710012e6e0
710012dff0	710012e6e0
710012e470	710012dff0,710012e240,710012e6e0
710012e6e0	710012e240
710012e890	710012e890,710012f910,710012fc10,710012ffb0,7100130350,71003e2dd0,71003e3050
710012f910	7100130350,71003e2dd0,71003e3050
710012fc10	71003e2dd0,71003e3050
710012ffb0	710012f910,710012fc10,7100130350,71003e2dd0,71003e3050
7100130350	710012fc10,71003e2dd0,71003e3050
71001305b0	71001305b0,7100131630,7100131930,7100131cd0,7100132070,71003e2dd0,71003e3050
7100131630	7100132070,71003e2dd0,71003e3050
7100131930	71003e2dd0,71003e3050
7100131cd0	7100131630,7100131930,7100132070,71003e2dd0,71003e3050
7100132070	7100131930,71003e2dd0,71003e3050
71001322d0	71003db000,71003db340,71003db3a0,71003db9a0
7100132438	71003db920,71003db9b0
7100132480	71003db390
71001324e0	71003db390,71003db920
710013254c	71003db9c0
710013256c	71003db9d0
7100132578	71003db370
7100132580	71003db920,71003db9b0
71001325c4	71003db9a0
7100132660	7100132660,7100132fe0,7100133190,71001333b0,71001335f0,71003de200
7100132fe0	71001335f0,71003de200
7100133190	71003de200
71001333b0	7100132fe0,7100133190,71001335f0,71003de200
71001335f0	7100133190,71003de200
7100133750	71003db000,71003db340,71003db3a0,71003db9a0
71001338b8	71003db920,71003db9b0
7100133900	71003db390
7100133960	71003db390,71003db920
71001339cc	71003db9c0
71001339ec	71003db9d0
71001339f8	71003db370
7100133a00	71003db920,71003db9b0
7100133a40	7100133a40,71001344e0,7100134660,7100134a00
71001344e0	7100134a00
7100134660	71001344e0,7100134a00
7100134c00	7100134c00,71001356a0,7100135820,7100135bc0
71001356a0	7100135bc0
7100135820	71001356a0,7100135bc0
7100135dc0	7100016860,7100022cfc,71003daf30,71003dafd0,71003dafe0,71003db000
7100136000	7100016860,7100022cfc,71003daf30,71003dafd0,71003dafe0,71003db000
7100136240	71003daf60,71003db200,71003db2b0,71003db2c0,71003db2f0,71003db330,71003db340,71003db360,71003db370,71003db380,71003db390,71003db3a0,71003db450,71003db4f0,71003db540,71003dba00,71003dba20,71003dbb80,71003dbb90,71003dbc30,71003dcad0,71003dcae0,71003dcb60,71003df880,71003e21e0,71003e2300,71003e49d0,71003e4d50
710013660c	71003db900,71003db910,71003db920
7100136664	71003e6d80
7100136698	71003db900,71003db910
7100136728	71003db920,71003e7570
710013674c	71003db340,71003dcd20,71003de060,71003dfd30,71003e6ae0,71003e7550,71003e7580,71003e7590
7100136980	71003daf60,71003db0f0,71003db200,71003db460,71003db4f0,71003db540,71003dcb60,71003dcc60,71003dcc90,71003df410,71003df5c0,71003df620,71003e31c0,71003e31f0
7100136c30	71003e6d80
7100136c60	71003dcb20,71003df880
7100136cb8	71003db900,71003db910,71003db920
7100136d10	71003e6d80
7100136d40	71003dbe00,71003e1c00,71003e4c80,71003e7550
7100136dd8	71003e21e0
7100136df0	71003db900,71003db910,71003db920
7100136e48	71003e6d80
7100136e78	71003e29f0,71003e7550,71003e75a0
7100136ee8	71003dcb20,71003df880,71003e21e0
7100136f90	71003db900,71003db910,71003db920
7100136fe8	71003e6d80
7100137018	71003de0a0,71003e7550,71003e75b0,71003e75c0
7100137084	71001372c0,71001372c4,71003dbe00,71003e1c00,71003e21e0,71003e29f0,71003e75d0,71003e75e0
7100137230	71003db900,71003db910,71003db920
710013728c	71003db9a0
71001372c4	71003db920
71001372dc	71003e0170
7100137318	71003db0a0,71003db1c0,71003db1d0,71003db1e0,71003e3340
7100137430	71003daf60,71003db200,71003db2b0,71003db2c0,71003db2f0,71003db330,71003db340,71003db360,71003db370,71003db380,71003db390,71003db3a0,71003db3c0,71003db450,71003db4f0,71003db540,71003dbb80,71003dbb90,71003dcae0,71003dcb60,71003df880,71003e2300,71003e49d0,71003e4d50
7100137740	71003daf60
7100137998	71003db900,71003db910,71003db920
71001379f0	71003db090,71003db0a0
7100137c2c	71003db070,71003e7600
7100137c70	71003daee0,71003daf30,71003daf70,71003daf80,71003db030,71003db040,71003db0b0,71003e50f0,71003e5140,71003e64b0,71003e64c0,71003e64f0,71003e7620
7100137e2c	71003e0170
7100137e94	71003db920,71003e7630
7100137ec0	71003db470,71003e7640
7100138030	71003db200,71003dc160,71003dd920,71003de820,71003df410,71003e29f0,71003e7650
71001381a0	71003dafe0,71003db340,71003db920,71003e2430,71003e3ce0,71003e3d10,71003e7670,71003e7680,71003e7690,71003e76a0
7100138520	71003dafe0,71003db000,71003db3a0,71003dd920,71003dfa30,71003e1c20,71003e3520,71003e76b0
7100138940	710014502c,71003dafa0,71003dafe0,71003df880,71003e76c0
7100138b10	71003dafa0,71003db1a0,71003db2f0,71003db3a0,71003db9f0,71003dc000,71003dc160,71003dc1a0,71003dcc40,71003dccf0,71003dce20,71003de3a0,71003de7e0,71003e0310,71003e1c00,71003e2070,71003e28e0,71003e30c0,71003e3960,71003e76d0
7100138e40	71003db340,71003db360,71003db370,71003db390,71003dbb80,71003dc250,71003dc270,71003dc410,71003dd920,71003e29f0,71003e3530
7100139050	71003dafe0,71003db1a0,71003db200,71003db2b0,71003db2e0,71003df410,71003df530,71003df880,71003e47d0
7100139310	7100016860,71001575f0,71001575f4,71003daec0,71003daf30,71003dafd0,71003dafe0,71003db000,71003db070,71003db090,71003db0a0,71003db340,71003db360,71003db370,71003db390,71003db470,71003db8e0,71003dbb80,71003dbdc0,71003dbe00,71003dc000,71003dc160,71003dc250,71003dc270,71003dc430,71003dcb60,71003dce20,71003de870,71003df5c0,71003e3090,71003e30c0,71003e3510,71003e3530,71003e3d60,71003e75e0,71003e76d0
7100139ad0	71003db470,71003db8e0,71003df5c0
7100139bb8	71003daf10,71003db070,71003db090,71003db0a0,71003db0f0,71003db200,71003db2e0,71003db340,71003db360,71003db370,71003db390,71003dbb80,71003dbd60,71003dc000,71003dc250,71003dc270,71003dc420,71003dcb60,71003df410,71003df880,71003e3090,71003e30a0,71003e30c0,71003e3510,71003e3530,71003e47d0,71003e76f0
710013a110	710003bb50,7100145378,71003db340,71003db360,71003db370,71003db390,71003db920,71003db9a0,71003dc1a0,71003dc250,71003dc270,71003dc410,71003dd920,71003e29f0,71003e3530
710013a534	71003db200,71003db2e0,71003db520,71003db530,71003dbd60,71003dc1a0,71003dcb60,71003df410,71003df880,71003e47d0,71003e49d0,71003e7700
710013a750	71003db200,71003db9f0,71003dc000,71003dc050,71003dc1a0,71003dccf0,71003e0310,71003e2e20,71003e2e50,71003e3a20
710013a87c	71003db200,71003db2e0,71003db520,71003db530,71003dbd60,71003dc1a0,71003df410,71003df880,71003e47d0,71003e7700
710013aa3c	7100157640,7100157644,71003daec0,71003daf30,71003db070,71003db090,71003db0a0,71003db200,71003db2e0,71003db470,71003db520,71003db530,71003db920,71003db9a0,71003dbdc0,71003dc000,71003dc160,71003dc1a0,71003dce20,71003de830,71003df410,71003df880,71003e47d0,71003e75e0,71003e7610,71003e76e0,71003e7700
710013aea0	71000a99d8,71003daec0,71003daf10,71003daf30,71003dafe0,71003db000,71003db050,71003db070,71003db090,71003db0a0,71003db0f0,71003db200,71003db2e0,71003db340,71003db360,71003db370,71003db390,71003db460,71003db520,71003db530,71003db920,71003db9a0,71003dbb80,71003dbdc0,71003dc000,71003dc010,71003dc160,71003dc250,71003dc270,71003dc430,71003de830,71003de8e0,71003de8f0,71003df410,71003df880,71003e2280,71003e30a0,71003e30c0,71003e3530,71003e47d0,71003e51d0,71003e7600,71003e7610,71003e7650,71003e76e0,71003e7710,71003e7720,71003e7730,71003e7740,71003e7750,71003e7760
710013ba40	71000166ec,71003dafe0,71003db000,71003db0f0,71003db340,71003db360,71003db370,71003db390,71003db3a0,71003db470,71003dc1a0,71003dc250,71003dc270,71003dc420,71003dc580,71003dc670,71003dcae0,71003dcd00,71003dcd80,71003dce20,71003df880,71003e2280,71003e3090,71003e30a0,71003e3530,71003e3540,71003e7770,71003e7780
710013c280	710003bb50,71001479b0,71003db0f0,71003db920,71003db9a0,71003dc610,71003e51f0,71003e5bd0,71003e7790,71003e77a0,71003e77b0
710013c470	71000a971c,71003dafe0,71003db000,71003db200,71003db2c0,71003db340,71003db350,71003db360,71003db370,71003db380,71003db390,71003db3a0,71003db3e0,71003dbb80,71003dc000,71003dc160,71003dc580,71003dc610,71003dc6a0,71003dcb20,71003dcd80,71003de830,71003de850,71003df880,71003e5270,71003e77c0,71003e77d0
710013c9f0	7100147c70,71003dafe0,71003db0f0,71003db340,71003db360,71003db370,71003db390,71003db3a0,71003db460,71003dbb80,71003dbd60,71003dbdc0,71003dc000,71003dc010,71003dc610,71003dc670,71003dcb60,71003dcd80,71003dce20,71003ddf10,71003e3960,71003e77e0,71003e77f0,71003e7800,71003e7810,71003e7820
710013ce20	71003db340,71003db360,71003db370,71003db390,71003db3a0,71003dc6c0,71003dcd80,71003dcda0
710013cf30	71003db000,71003db340,71003db390,71003db3a0,71003db9a0,71003dbb80,71003dc030,71003ddc60
710013d1d0	71003dbd60,71003e3340,71003e7830
710013d310	71003db1a0,71003db200,71003db2e0,71003db340,71003db360,71003db370,71003db390,71003db3a0,71003db480,71003db540,71003dbb80,71003dbd60,71003dc1a0,71003dc580,71003dc670,71003dc8c0,71003dcb60,71003dcca0,71003dccf0,71003dcd80,71003dd410,71003df410,71003df880,71003e0310,71003e3960,71003e47d0,71003e77f0,71003e7840,71003e7850,71003e7860
710013d91c	71003dcca0
710013d998	71003dbe00,71003dc160,71003dc1a0,71003de840,71003e22b0
710013dae0	71003db340,71003db360,71003db370,71003db390,71003dbd60,71003dbe00,71003dc1a0,71003dc580,71003dc6c0,71003dcd80,71003e22b0,71003e3340,71003e7830
710013dd20	71003daec0,71003daf30,71003db070,71003db090,71003db0a0,71003db0f0,71003db340,71003db360,71003db370,71003db390,71003db3a0,71003db460,71003db520,71003db530,71003db920,71003db9a0,71003dbb80,71003dbdc0,71003dc000,71003dc010,71003dc160,71003dc250,71003dc270,71003dc430,71003dc690,71003dc8c0,71003dcb60,71003dcc50,71003dcd80,71003dcda0,71003dce20,71003dd410,71003de830,71003e30c0,71003e3510,71003e3530,71003e3d50,71003e5250,71003e5be0,71003e7600,71003e7610,71003e7870,71003e7880,71003e7890,71003e78a0,71003e78b0,71003e78c0
710013e580	71003db340,71003db360,71003db370,71003db390,71003db3a0,71003dc6e0,71003dcd80
710013e688	7100016860,71003daf30,71003dafd0,71003dafe0,71003db000,71003dbe00,71003dc160,71003de870,71003de900,71003e3d50,71003e3d60
710013e818	71003daf10,71003daf40,71003db070,71003db090,71003db0a0,71003db200,71003db2b0,71003db2e0,71003db480,71003db4f0,71003dcb20,71003df880,71003e22c0,71003e76d0
710013ebf0	71003db0f0,71003db460,71003db520,71003db530,71003db920,71003db9a0,71003dbdc0,71003dc000,71003dc010,71003dc160,71003dcb60,71003de830,71003e7610,71003e7650
710013eea0	71003db070,71003db090,71003db0a0,71003db0f0,71003db1a0,71003db2e0,71003db340,71003db360,71003db370,71003db390,71003db3a0,71003db460,71003db520,71003db530,71003dbb80,71003dc000,71003dc010,71003dc160,71003dc690,71003dcd80,71003dcda0,71003dce20,71003de830,71003e7650,71003e7870
710013f220	71003db070,71003db090,71003db0a0,71003db0f0,71003db1a0,71003db2e0,71003db460,71003db520,71003db530,71003dc000,71003dc010,71003dc160,71003de830,71003e7650
710013f4f0	71003dafe0,71003db070,71003db090,71003db0a0,71003db340,71003db360,71003db370,71003db390,71003db3a0,71003db9f0,71003dbb80,71003dc000,71003dc250,71003dc270,71003dc420,71003dc670,71003dcd80,71003dd8e0,71003e30a0,71003e3530,71003e77e0,71003e78d0,71003e78e0,71003e78f0,71003e7900
710013fc10	71000166ec,71003dafe0,71003db000,71003db0f0,71003db340,71003db360,71003db370,71003db390,71003db3a0,71003db470,71003db9f0,71003dbb80,71003dc000,71003dc580,71003dc670,71003dcb20,71003dcc50,71003dcd80,71003dce20,71003df880,71003e3510,71003e7770,71003e7780,71003e77e0
71001401cc	71003dbdc0,71003dc160,71003dc1a0,71003de830,71003e7910
71001402f0	71003db000,71003db0f0,71003db200,71003db340,71003db360,71003db370,71003db390,71003db3a0,71003db460,71003db470,71003db4e0,71003db4f0,71003db9a0,71003db9f0,71003dbb80,71003dbdc0,71003dc000,71003dc010,71003dc040,71003dc1a0,71003dc660,71003dc7a0,71003dcc40,71003dcc60,71003dcc70,71003dcc80,71003dcc90,71003dccf0,71003dcd80,71003dce20,71003dd5d0,71003dd6c0,71003dd920,71003ddc40,71003ddc50,71003df410,71003df620,71003df630,71003dfe80,71003e0170,71003e2810,71003e2ef0,71003e3310,71003e3340,71003e3d50,71003e49d0,71003e6c40,71003e7920,71003e7930
7100141948	71003db200,71003db240,71003e49b0
71001419c4	71003dc160,71003de820
71001419f8	71003db0f0,71003db460,71003dc000,71003dc010
7100141ad0	71003db460,71003db470,71003e30c0
7100141bf0	71003db070,71003db090,71003db0a0,71003db0f0,71003dbdc0,71003dc000,71003dcda0,71003dce20,71003e30a0,71003e30c0,71003e7940
7100141ee0	71003db470,71003db8e0,71003dbdc0,71003df5c0
7100141ff0	71003db470,71003e7950
710014202c	71003dc520,71003dd170,71003dd180
7100142180	71003db470,71003e7950
71001421bc	71003db9f0,71003dc1a0,71003dccf0,71003e7650,71003e76d0
7100142310	71003db470,71003de770,71003e40f0,71003e4100,71003e4120,71003e5150,71003e5bb0,71003e7980,71003e7990,71003e79a0
71001423e0	71003df5c0
7100142444	71001579c8,71001579cc,71003db470,71003e75e0
7100142508	71003dbdc0
710014259c	71003dbdc0
7100142630	71003df5c0
71001426c0	71003dbdc0,71003df5c0
71001427c0	71003df5c0
7100142850	7100016860,710002906c,71003dafd0,71003dafe0,71003db000,71003db050,71003db340,71003db360,71003db370,71003db390,71003db3b0,71003dbb80,71003e0170,71003e79c0
7100142da0	7100142630,71001426c0,71001427c0,7100143fe0,7100148f4c,710014d9a0,710014ec28,71001552a0,710015652c,710015705c,71003dafe0,71003db340,71003db3a0,71003dbe00,71003dc160,71003dcb20,71003dd680,71003dd7d0,71003dd7e0,71003dd7f0,71003dd800,71003dd810,71003dd830,71003dda60,71003de750,71003df880,71003e0170,71003e1c00,71003e29f0,71003e7670,71003e79e0,71003e79f0,71003e7a00
71001438b4	7100016860,71003daf30,71003dafd0,71003dafe0,71003db000,71003dc160,71003de880,71003de890
71001439e0	71003db3a0,71003dc080,71003dc090,71003e7a10
7100143bc8	71003dcb60,71003e29f0
7100143ca0	71003dafe0,71003db900,71003db910
7100143d10	71003dafe0,71003db900,71003db910,71003db920
7100143fc0	71003e1c00
7100143fe0	71003e1c00
7100144000	71003e1c00
7100144030	7100016860,71003daf30,71003dafd0,71003dafe0,71003db000,71003db340,71003db920,71003dbe00,71003dc160,71003de8a0,71003e22c0,71003e7a30,71003e7a40,71003e7a50
71001449cc	71003dafa0,71003db340,71003e17e0,71003e17f0,71003e22c0,71003e28e0
7100144b90	7100016860,7100144ea8,71003dafd0,71003dafe0,71003db000
7100144e40	71003dafe0
7100144ea8	7100007a40
7100144ec0	710003bb50,7100145018,71003db920,71003db9a0
7100145018	7100007a40
710014502c	7100144ea8,7100145120,71001451b0,71003db000,71003db050
7100145120	71003dafe0
71001451b0	7100016860,71003dafd0,71003db000
7100145378	7100007a40
7100145390	71000166ec,71003db000,71003db8b0,71003e3610
71001454c0	71003db000,71003db340,71003db3a0,71003db9a0
7100145628	71003db920,71003db9b0
7100145670	71003db390
71001456d0	71003db390,71003db920
710014573c	71003db9c0
710014575c	71003db9d0
7100145768	71003db370
7100145770	71003db920,71003db9b0
71001457b0	71003dafe0,71003db900,71003db910
7100145820	71003dafe0,71003db900,71003db910,71003db920
7100145898	71003dafa0,71003db340,71003db360,71003db370,71003db390,71003db3a0,71003dbb80,71003dbe00,71003dc6d0,71003dc7c0,71003dcd80,71003dfe80,71003e22b0,71003e7a60,71003e7a70,71003e7a80
7100145be4	71003dafa0,71003db340,71003db360,71003db370,71003db390,71003db3a0,71003dbb80,71003dbe00,71003dc6d0,71003dc7c0,71003dcb20,71003dcd80,71003df880,71003dfe80,71003e7a80,71003e7a90
7100145fe0	71003db340,71003db360,71003db370,71003db390,71003db3a0,71003dbb80,71003dbe00,71003dc1a0,71003dc6e0,71003dc7c0,71003dcb20,71003dcd80,71003df880,71003dfe80,71003e7a90
7100146540	710001d0e4,71003dafd0,71003dafe0,71003db000,71003db050,71003db470,71003db8e0,71003dba60,71003dc2e0,71003dc2f0,71003dc610,71003dc630,71003df260,71003e3340
7100147690	71003db000,71003db340,71003db360,71003db370,71003db390,71003db9a0,71003dbb80,71003dc6c0,71003dcd80
7100147970	71003db920,71003db9b0
71001479b0	7100007a40
71001479d0	71003db000,71003db340,71003db390,71003db3a0,71003db9a0,71003dbb80,71003dc030,71003ddc60
7100147c70	71000a971c,71003dafe0,71003db000,71003ddf10
7100147da8	71003db920,71003e7aa0
7100147dcc	71003db340,71003e29f0,71003e7660,71003e7ab0
7100147eb0	7100016860,71003daec0,71003daf10,71003daf30,71003dafd0,71003dafe0,71003db000,71003db070,71003db090,71003db0a0,71003db0f0,71003db200,71003db2e0,71003db340,71003db360,71003db370,71003db390,71003db3a0,71003db470,71003db8e0,71003db9f0,71003dbb80,71003dbd60,71003dbdc0,71003dbe00,71003dc000,71003dc160,71003dc1a0,71003dc250,71003dc270,71003dc420,71003dcb60,71003dcc40,71003dcd00,71003dce20,71003de870,71003df410,71003df5c0,71003df880,71003e2e20,71003e2e50,71003e3090,71003e30a0,71003e30c0,71003e3340,71003e3510,71003e3530,71003e3d60,71003e47d0,71003e76d0,71003e76f0
7100148bb4	71003dafe0,71003e7ac0
7100148dc4	71003db000
7100148e3c	71003db000
7100148ea4	71003dafe0,71003dc160,71003de860,71003de880
7100148f4c	71003e1c00
7100148f6c	71003e1c00
7100148f8c	71003db340,71003dfd30,71003e2980,71003e7ad0
7100149268	71003e7af0,71003e7b00
71001493a0	71003df7e0,71003e1620,71003e1640
71001494c8	71003db920,71003e7ae0
71001494f0	71003db470
71001495d0	71003dc510,71003df770,71003e1630,71003e1650,71003e1680,71003e1690,71003e16a0,71003e16b0,71003e16c0,71003e4b50,71003e4b90
710014978c	71003db200,71003db340,71003db3a0,71003dcc60,71003dd7d0,71003dd7e0,71003dd7f0,71003dd810,71003dd820,71003dda20,71003dfd30,71003e0590
7100149994	71003db920,71003e7ae0
71001499c0	71003db470
7100149a50	7100144ea8,7100149b70,71003dafe0,71003db000,71003db050
7100149b70	7100016860,71003dafd0,71003db000
7100149cd8	71003db900,71003db910,71003db920,71003e76a0
7100149d90	71003db920,71003e7aa0
7100149dc4	71003db340,71003e29f0,71003e7660,71003e7b20
7100149ea0	71003dafe0,71003e7ac0
710014a0a8	71003db000
710014a100	71003db000
710014a160	71003db340,71003db360,71003db370,71003db390,71003db3a0,71003db460,71003db470,71003dbb80,71003dbe00,71003dc250,71003dc410,71003dd6c0,71003e1c00,71003e29f0,71003e3530,71003e4ae0,71003e7a00
710014bfb0	71003db3a0,71003db460,71003db470,71003e1c00,71003e29f0,71003e30c0,71003e4ae0,71003e7a00
710014c390	71003db070,71003db090,71003db0a0,71003db0f0,71003db340,71003db360,71003db370,71003db390,71003db9f0,71003dbdc0,71003dc000,71003dc250,71003dc420,71003dcda0,71003dce20,71003e29f0,71003e3090,71003e30a0,71003e30c0,71003e3530,71003e7940
710014c7ac	71003df5c0,71003e1c00
710014c864	71003e1c00,71003e4ae0,71003e79b0
710014cab4	71003df5c0,71003e1c00,71003e4ae0
710014cd6c	71003db0f0,71003db340,71003db360,71003db370,71003db390,71003db3a0,71003dbb80,71003dc1a0,71003dc250,71003dc410,71003e29f0,71003e3530
710014d564	71003e29f0,71003e7960
710014d660	71003e29f0,71003e7970
710014d6d4	71003e1c00,71003e4ae0
710014d7d8	71003e1c00,71003e4ae0
710014d8dc	71003e1c00,71003e4ae0
710014d9a0	71003e1c00
710014d9c0	71003e1c00
710014d9e0	71003db340,71003dfd30,71003e2980,71003e7ad0
710014dc6c	71003db920,71003e7ae0
710014dc90	71003db920,71003e7aa0
710014dcc4	71003db340,71003e29f0,71003e7660,71003e7b30
710014dd9c	71003daf10,71003db070,71003db090,71003db0a0,71003db0f0,71003db200,71003db2c0,71003db2d0,71003db340,71003db360,71003db370,71003db380,71003db390,71003db3a0,71003db3e0,71003dbb80,71003dbd60,71003dc000,71003dc010,71003dc250,71003dc270,71003dc420,71003dcb20,71003dcb60,71003dce20,71003df410,71003df880,71003e1c00,71003e29f0,71003e3090,71003e30a0,71003e3510,71003e3530,71003e76f0
710014e444	71003dafe0,71003e7ac0
710014e644	71003db000
710014e6a4	71003db000
710014e710	71003db070,71003db090,71003db0a0,71003db0f0,71003dbdc0,71003dc000,71003dcda0,71003dce20,71003e29f0,71003e30a0,71003e30c0,71003e7940
710014eadc	71003e1c00
710014eb18	71003e1c00,71003e29f0
710014ec14	71003dccc0
710014ec28	71003e1c00
710014ec48	71003e1c00
710014ec68	71003db340,71003dfd30,71003e2980,71003e7ad0
710014f094	71003e7ae0
710014f0dc	71003db920,71003e7ae0
710014f12c	71003e7aa0
710014f174	71003db920,71003e7aa0
710014f1d0	71003db470,71003e1ba0,71003e3090,71003e7640
710014f350	71003db340,71003e1c00,71003e28f0,71003e2980,71003e29f0,71003e3090,71003e30c0,71003e7660
710014f6a0	7100016860,71003daf30,71003dafd0,71003dafe0,71003db000,71003db070,71003db090,71003db0a0,71003db0f0,71003db200,71003db340,71003db360,71003db370,71003db390,71003db470,71003db480,71003db4f0,71003db520,71003db530,71003dbb80,71003dbdc0,71003dbe00,71003dbe10,71003dc000,71003dc010,71003dc160,71003dc250,71003dc270,71003dc3c0,71003dc420,71003dc430,71003dc580,71003dc6c0,71003dcb60,71003dcc60,71003dcc90,71003dcd80,71003dce20,71003ddcb0,71003de870,71003df410,71003df620,71003e30c0,71003e3530,71003e3d60,71003e47d0,71003e51b0,71003e7950,71003e7b40,71003e7b50,71003e7b60,71003e7b70
71001502b0	71003dafe0,71003db200,71003db520,71003db530,71003db920,71003db9a0,71003dbdc0,71003dc000,71003dc160,71003dcb60,71003dcc60,71003dcc90,71003dce20,71003de830,71003de870,71003df410,71003df620,71003df640,71003df660,71003e3090,71003e47d0,71003e49d0,71003e51d0,71003e7610,71003e7650,71003e7710,71003e7720,71003e7730,71003e7b40,71003e7b50,71003e7b80
7100150620	7100147c70,71003daec0,71003daf30,71003dafe0,71003db070,71003db090,71003db0a0,71003db0f0,71003db170,71003db1a0,71003db200,71003db2c0,71003db340,71003db360,71003db370,71003db390,71003db3a0,71003db470,71003db520,71003db530,71003db920,71003db9a0,71003db9f0,71003dbb80,71003dbdc0,71003dbe10,71003dc000,71003dc160,71003dc1a0,71003dc3c0,71003dc610,71003dcc60,71003dcc90,71003dccf0,71003ddcb0,71003ddf10,71003de830,71003df410,71003df620,71003e47d0,71003e51d0,71003e7610,71003e7650,71003e7710,71003e7720,71003e7730,71003e7810,71003e7820,71003e7950,71003e7b50,71003e7b90
7100150d58	71003dafe0,71003db200,71003db340,71003db360,71003db370,71003db390,71003db520,71003db530,71003db920,71003db9a0,71003dbdc0,71003dc000,71003dc160,71003dc580,71003dc660,71003dcb60,71003dcc60,71003dcc90,71003dcd80,71003dce20,71003de830,71003de870,71003de880,71003de890,71003df410,71003df620,71003e47d0,71003e51d0,71003e7610,71003e7650,71003e7710,71003e7720,71003e7730,71003e7b80
7100151170	71000a99d8,71003daf10,71003dafe0,71003db000,71003db050,71003db070,71003db090,71003db0a0,71003db0f0,71003db340,71003db360,71003db370,71003db390,71003db3a0,71003db460,71003dbb80,71003dc000,71003dc010,71003dc160,71003dc250,71003dc270,71003dc430,71003dc690,71003dcd80,71003de8e0,71003de8f0,71003e2280,71003e30a0,71003e30c0,71003e3530,71003e7600,71003e7740,71003e7750,71003e7b90
71001519f0	7100147c70,71003dafe0,71003db0f0,71003db340,71003db360,71003db370,71003db390,71003db3a0,71003db460,71003dbb80,71003dbdc0,71003dc000,71003dc010,71003dc610,71003dc690,71003dcb60,71003dcd80,71003ddf10,71003e7810,71003e7820
7100151db0	71003db070,71003db170,71003db1a0,71003db200,71003db2b0,71003db2c0,71003db3a0,71003db470,71003db480,71003db520,71003db530,71003db540,71003db9f0,71003dc000,71003dc010,71003dc050,71003dc160,71003dc1a0,71003dc8c0,71003dcc60,71003dcca0,71003dccf0,71003dd410,71003de830,71003df410,71003df620,71003e3960,71003e7600,71003e7650,71003e7840,71003e7b40,71003e7b50,71003e7ba0
7100152390	71003dafe0,71003db070,71003db090,71003db0a0,71003db0f0,71003db200,71003db2b0,71003db340,71003db360,71003db370,71003db390,71003db3a0,71003db400,71003db460,71003db470,71003db480,71003db4f0,71003db5c0,71003db920,71003db9a0,71003db9f0,71003dbb80,71003dbdc0,71003dc000,71003dc010,71003dc160,71003dc1a0,71003dc1f0,71003dc250,71003dc270,71003dc420,71003dc430,71003dc440,71003dc460,71003dc680,71003dc690,71003dc6d0,71003dc8c0,71003dcb20,71003dcb60,71003dcc50,71003dccf0,71003dcd80,71003dcda0,71003dce20,71003dd410,71003dd5d0,71003dd8c0,71003dd940,71003ddb90,71003ddcb0,71003de760,71003de8a0,71003de8e0,71003df410,71003df880,71003e3090,71003e30b0,71003e30c0,71003e3340,71003e3510,71003e3530,71003e3d50,71003e47f0,71003e48d0,71003e5250,71003e5be0,71003e69d0,71003e7600,71003e7610,71003e77e0,71003e7870,71003e7880,71003e7890,71003e78a0,71003e78b0,71003e78c0,71003e7950,71003e7b40,71003e7b70,71003e7bb0,71003e7bc0,71003e7bd0,71003e7be0,71003e7bf0,71003e7c00,71003e7c10,71003e7c20,71003e7c30
7100154680	71003dafe0,71003db0f0,71003db460,71003db520,71003db530,71003db920,71003db9a0,71003dbdc0,71003dc000,71003dc010,71003dc160,71003dcb60,71003de830,71003de870,71003de8a0,71003e7610,71003e7650,71003e7b80
71001549f4	71003dafe0,71003db200,71003db240,71003dc160,71003de830,71003de880,71003de890,71003e0320,71003e49b0
7100154b80	71003dafe0,71003e7ac0
7100154df4	71003db000
7100154e64	71003db000
7100154ed4	71003dafe0,71003dc160,71003de880,71003de890,71003e0320
7100154f90	71003e1c00
710015508c	71003e1c00,71003e29f0
7100155198	71003e1c00
71001552a0	71003e1c00
71001552c0	71003e1c00
71001552e0	71003db3a0,71003dcc30,71003dcc40,71003e0310
7100155400	71003db000,71003db340,71003db9a0
7100155590	71003db8e0,71003dbba0,71003dbbb0
71001556a8	71003db920,71003db9b0
71001556e8	71003dafe0,71003db170,71003db200,71003db2c0,71003dc160,71003dcb20,71003de880,71003de890,71003df410,71003df880,71003e39c0,71003e7b50
71001558d0	71000a971c,71003dafe0,71003db000,71003db050,71003db340,71003db360,71003db370,71003db390,71003db3b0,71003dbb80,71003dc160,71003dc580,71003dc610,71003dc690,71003dcd80,71003de830,71003de850,71003e5270,71003e77c0,71003e77d0
7100155bb0	71003dbe00
7100155cc8	71003db0f0,71003db340,71003db360,71003db370,71003db390,71003db3a0,71003dbb80,71003dc120,71003dc190,71003dc250,71003dc270,71003dc430,71003e30a0,71003e30c0,71003e3530,71003e7c40
7100155f60	71003db000,71003db340,71003db3a0,71003db9a0
71001560c8	71003db920,71003db9b0
7100156110	71003db390
7100156170	71003db390,71003db920
71001561dc	71003db9c0
71001561fc	71003db9d0
7100156208	71003db370
7100156210	71003db920,71003db9b0
7100156250	71003db000,71003db340,71003db9a0,71003dc1d0
71001563e0	71003db8e0,71003dbba0,71003dbbb0,71003dc3e0
71001564ec	71003db920,71003db9b0
710015652c	71003e7aa0
7100156574	71003db920,71003e7aa0
71001565d4	71003db340,71003e29f0,71003e7660,71003e7c50,71003e7c60
71001566f4	71003db070,71003db090,71003db0a0,71003db0f0,71003db200,71003db340,71003db360,71003db370,71003db390,71003db460,71003dbb80,71003dbd60,71003dc000,71003dc250,71003dc270,71003dc420,71003dcb60,71003dcc60,71003dcc90,71003dd920,71003df410,71003df620,71003e1c00,71003e29f0,71003e3090,71003e30c0,71003e3530,71003e76f0,71003e7c70,71003e7c80
7100156d28	71003dafe0,71003e7ac0
7100156f30	71003db000
7100156f88	71003db000
7100156fe0	71003dcb20,71003df880
710015705c	71003e1c00
710015707c	71003e1c00
710015709c	71003db340,71003dfd30,71003e2980,71003e7ad0
7100157390	71003db920,71003e7ae0
7100157410	71003db920
71001575bc	71003db9a0
71001575f4	71003db920
710015760c	71003db9a0
7100157644	71003db920
7100157660	71003db000,71003db340,71003db3a0,71003db9a0
71001577c8	71003db920,71003db9b0
7100157810	71003db390
7100157870	71003db390,71003db920
71001578dc	71003db9c0
71001578fc	71003db9d0
7100157908	71003db370
7100157910	71003db920,71003db9b0
7100157950	71003db920,71003db9b0
7100157994	71003db9a0
71001579cc	71003db920
71001579e0	71003db000,71003db340,71003db3a0,71003db9a0
7100157b48	71003db920,71003db9b0
7100157b90	71003db390
7100157bf0	71003db390,71003db920
7100157c5c	71003db9c0
7100157c7c	71003db9d0
7100157c88	71003db370
7100157c90	71003db920,71003db9b0
7100157cd0	71003dafa0,71003e0170,71003e0180,71003e0190
7100157e00	71003dafe0,71003db900,71003db910,71003e01d0,71003e2380
7100157f60	71003dafe0
7100158000	71003e2380
7100158020	71003e7c90
7100158028	71003db920,71003e7c90
710015804c	71003db920,71003e7c90
7100158080	71003db170,71003db1a0,71003db2c0,71003db3a0,71003db820,71003db880,71003db890,71003db8a0,71003dbb90,71003dbe10,71003dcce0,71003de2a0,71003e3730,71003e5670,71003e7ca0,71003e7cb0,71003e7cc0,71003e7cd0,71003e7ce0
7100158280	71003dafa0,71003dafe0,71003db0f0,71003db1a0,71003db3a0,71003db470,71003dc860,71003de2a0,71003de2e0,71003dfaa0,71003dfb60,71003dfd70,71003e3730,71003e4ff0,71003e5b40,71003e7cf0,71003e7d00,71003e7d10
71001584b4	71003db340,71003db360,71003db370,71003db390,71003db3a0,71003dbb80,71003dfeb0,71003e3c00,71003e7d20,71003e7d30
71001585dc	71003db0f0,71003de2e0
7100158620	71003db470,71003de2a0
7100158690	7100159cc4,71003dafa0,71003dafb0,71003dafe0,71003db000,71003db050,71003db0f0,71003db1a0,71003db200,71003db340,71003db3a0,71003db3b0,71003db470,71003dbea0,71003dc2f0,71003dcb20,71003dcb60,71003df480,71003df4f0,71003df890,71003dfaa0,71003dfb00,71003dfb60,71003e01b0,71003e03f0,71003e0460,71003e04a0,71003e2360,71003e2380,71003e2730,71003e3ca0,71003e3d30,71003e4b30,71003e56b0,71003e5dc0,71003e61f0,71003e6200,71003e6210,71003e6250,71003e7d40,71003e7d50,71003e7d60,71003e7d70
7100159560	71000166ec,71003dafe0,71003db000,71003db1a0,71003db3a0,71003dcb20,71003dfaa0,71003dfab0,71003dfb00,71003e2380,71003e24a0,71003e2530
71001598e8	710002b8f8,710002dc10,710002ec74,710002ecec,71003db340,71003dd8a0,71003dfd30,71003e23b0,71003e3180
7100159b00	71003db200,71003dc050
7100159b74	71003e00f0
7100159bc4	71003db920,71003e00f0
7100159c1c	71003e00f0
7100159c6c	71003db920,71003e00f0
7100159cc4	7100007a40
7100159ce0	71003db000,71003db340,71003db3a0,71003db9a0
7100159e48	71003db920,71003db9b0
7100159e90	71003db390
7100159ef0	71003db390,71003db920
7100159f5c	71003db9c0
7100159f7c	71003db9d0
7100159f88	71003db370
7100159f90	71003db920,71003db9b0
7100159fd0	71003dafa0,71003db1a0,71003db340,71003db3a0,71003dcb20,71003dcb30,71003e0170,71003e3430,71003e7d90
710015a160	71003db000,71003db0f0,71003db340,71003db390,71003db9a0,71003db9f0,71003dbb80,71003dbd30,71003e3510,71003e7db0
710015a5a0	71003db000,71003db340,71003db9a0
710015a730	71003db000,71003db340,71003db390,71003db9a0,71003db9f0,71003dbb80,71003dbd30,71003e7db0
710015aae4	71003db0f0,71003db340,71003db360,71003db370,71003db390,71003db3a0,71003db740,71003dbb80,71003e7de0,71003e7df0
710015ac1c	71003db3a0,71003dbb90,71003dcce0,71003dfa00,71003e7e00
710015acf0	71003daf60,71003daf70,71003daf80,71003dafa0,71003dafe0,71003db030,71003db040,71003db0a0,71003db0b0,71003db1a0,71003db2c0,71003db300,71003db340,71003db360,71003db370,71003db390,71003db3a0,71003db460,71003db5e0,71003db600,71003db820,71003db880,71003db890,71003dbb80,71003dc000,71003dc010,71003dc700,71003dcb00,71003dcca0,71003dce20,71003ddf20,71003de0e0,71003de0f0,71003de2a0,71003dfaa0,71003dfb60,71003dfeb0,71003e2730,71003e3510,71003e3730,71003e3c00,71003e4530,71003e50f0,71003e5140,71003e5dc0,71003e64b0,71003e64c0,71003e64e0,71003e64f0,71003e7d20,71003e7d30,71003e7d60,71003e7d70,71003e7da0,71003e7dc0,71003e7dd0,71003e7e10,71003e7e20,71003e7e30,71003e7e40,71003e7e50
710015b474	71003db460,71003dce20,71003e7dd0,71003e7e40
710015b4b4	71003db340,71003db360,71003db370,71003db390,71003db3a0,71003db5e0,71003dbb80,71003dfeb0,71003e3c00,71003e7d80,71003e7e60
710015b5c0	71003db900,71003db910
710015b638	71003db900,71003db910,71003db920
710015b6bc	71003db8e0,71003dbba0,71003dbbb0
710015b7d4	71003db920,71003db9b0
710015b818	71003db8e0,71003dbba0
710015b8dc	71003db920,71003db9b0
710015b920	71003db8e0,71003dbba0
710015b9cc	71003db920,71003db9b0
710015ba10	71003db000,71003db340,71003db3a0,71003db9a0
710015bb78	71003db920,71003db9b0
710015bbc0	71003db390
710015bc20	71003db390,71003db920
710015bc8c	71003db9c0
710015bcac	71003db9d0
710015bcb8	71003db370
710015bcc0	71003db920,71003db9b0
710015bd00	71003db000,71003db340,71003db3a0,71003db9a0
710015be68	71003db920,71003db9b0
710015beb0	71003db390
710015bf10	71003db390,71003db920
710015bf7c	71003db9c0
710015bf9c	71003db9d0
710015bfa8	71003db370
710015bfb0	71003db920,71003db9b0
710015bff0	71003daf30,71003dbe00,71003dfcf0,71003dfd20,71003dfdf0,71003e1af0,71003e6340
710015c478	7100061de0,71001643ac,71001643b0,71003dbd60,71003dfe20
710015c550	71003e7e90
710015c560	7100061de0,71001643ac,71001643b0,71003db3a0,71003dbd60,71003dfe20,71003e32a0,71003e7eb0
710015c6a0	71003dbe00
710015c980	71003db470,71003dd690,71003dfd40,71003dff30,71003e7e90
710015caa0	71003db470
710015cad8	71003e7eb0
710015cd7c	71003db3a0
710015cd9c	71003db3a0
710015cdc4	71003e7eb0
710015ce0c	71003e7eb0,71003e7ec0
710015ce94	71003e7eb0
710015ce9c	71003db1c0,71003db1d0,71003db1e0,71003e0170,71003e0180,71003e0190,71003e4a90
710015d39c	71003dafa0,71003dafe0,71003db000,71003db0f0,71003db160,71003db1a0,71003db200,71003db220,71003db2c0,71003db300,71003db340,71003db360,71003db370,71003db390,71003db3a0,71003db460,71003db470,71003db480,71003db4c0,71003db4d0,71003db4e0,71003db4f0,71003db600,71003db630,71003db640,71003db880,71003db890,71003dbb80,71003dbb90,71003dbd60,71003dbdc0,71003dbde0,71003dbe10,71003dc000,71003dc730,71003dcb00,71003dcb20,71003dcb60,71003dcc50,71003dcce0,71003dcda0,71003dce20,71003dfd30,71003dfdc0,71003dfdd0,71003e23b0,71003e3a20,71003e3ab0,71003e3b80,71003e47d0,71003e49d0,71003e4ee0,71003e7ed0,71003e7ee0,71003e7ef0,71003e7f00,71003e7f10,71003e7f20
710015e040	710016406c,71003dafa0,71003dafd0,71003dafe0,71003db000,71003db050,71003db1c0,71003db1d0,71003db1e0,71003db200,71003db340,71003db3b0,71003dc000,71003dcc60,71003dccf0,71003dce20,71003ddf20,71003df410,71003dfd30,71003e1800,71003e3960,71003e7eb0,71003e7ec0,71003e7f30,71003e7f40
710015efa0	71003daf60,71003db000,71003db0f0,71003db340,71003db390,71003db460,71003db470,71003db820,71003db9a0,71003db9f0,71003dbb80,71003dbd30,71003dbde0,71003dbe10,71003dc000,71003dc010,71003dcb60,71003dcc60,71003dcd00,71003df620,71003df630,71003e0310,71003e3960,71003e4930,71003e5870,71003e5e60
710015f3b0	71003db000,71003db0f0,71003db340,71003db360,71003db370,71003db390,71003db3a0,71003db470,71003db9a0,71003dbb80,71003dbe20,71003dc000,71003dc7a0,71003dc860,71003dce10,71003dce20,71003ddf20,71003de2a0,71003dfd70,71003dfe80,71003e01b0,71003e0470,71003e0480,71003e3510,71003e35f0,71003e3730,71003e3750,71003e4f90,71003e56b0,71003e5b30,71003e5b40,71003e61f0,71003e6200,71003e6210,71003e6250,71003e6770,71003e6780,71003e67a0,71003e7f50,71003e7f60
710015fd00	71003e7f70,71003e7f80,71003e7f90,71003e7fa0,71003e7fb0,71003e7fc0
710015ff14	71003db170,71003db1c0,71003db1d0,71003db1e0,71003db2c0,71003df410,71003e1800,71003e3b90,71003e7fd0,71003e7fe0
71001602d8	7100061de0,71001643ac,71001643b0,71003dbd60,71003dfe20
7100160570	71003dafd0,71003db0f0,71003db3a0,71003db470,71003dbe00,71003dbe20,71003dc000,71003dc010,71003dfd50,71003e01b0,71003e3ca0,71003e7ea0,71003e7eb0,71003e7ec0
71001609b8	71003e01b0
7100160a30	71003db470
7100160aa8	71003e01b0
7100160abc	71003e01b0
7100160af0	710003bb50,71001646c0,71003db920,71003db9a0
7100160c34	71003e7ff0
7100160c3c	71003daef0,71003daf10,71003daf60,71003db0f0,71003db340,71003db360,71003db370,71003db390,71003db3a0,71003db9f0,71003dbb80,71003dbc50,71003dbc60,71003dbc70,71003dbf70,71003dc000,71003dcd00,71003df850,71003e8000,71003e8010
710016100c	71003daf10,71003daf60,71003db0f0,71003db340,71003db360,71003db370,71003db390,71003db3a0,71003db9f0,71003dbb80,71003dbc60,71003dbde0,71003dbe10,71003dc000,71003dc970,71003dc9c0,71003dcd00,71003dcd10,71003dcd70,71003dcd90,71003dcee0,71003de3c0,71003deb80,71003df9a0,71003e8000
7100161434	71003daf10,71003daf60,71003db3a0,71003df850,71003e8000,71003e8020
710016158c	71003daf10,71003daf60,71003db3a0,71003df9a0,71003e8000,71003e8030
71001616e4	71003daf10,71003daf60,71003db3a0,71003dc000,71003df850,71003df9a0,71003e3510,71003e7fb0,71003e8000,71003e8020,71003e8030
71001619d8	7100016860,71003daf60,71003dafd0,71003dafe0,71003db000,71003db0f0,71003db3a0,71003dbde0,71003dc000,71003dc010,71003dc0a0,71003dce20,71003dce30
71001626c8	7100162c40,71003db0f0,71003db340,71003db360,71003db370,71003db390,71003db3a0,71003db8b0,71003dbb80,71003dc7a0,71003df620,71003dfe80,71003e3510,71003e3a30
7100162c40	71003db000,71003db340,71003db360,71003db370,71003db3a0,71003db9a0
7100162dd8	71003db0f0,71003db340,71003db360,71003db370,71003db390,71003db3a0,71003dbb80,71003dbc50,71003dbc60,71003dbc70,71003dbf70,71003dc000,71003df850,71003e8010
71001632b4	71003db340,71003db360,71003db370,71003db390,71003db3a0,71003dbb80,71003dbc60,71003dbde0,71003dbe10,71003dc000,71003dc970,71003dc9c0,71003dcd70,71003dcd90,71003dcee0,71003de3c0,71003deb80,71003df9a0
7100163908	71003daf60
71001639f0	71003dafe0,71003dfe00,71003e00f0
7100163b90	71003db920,71003e8040
7100163bb4	71003e8040
7100163bbc	71003db920,71003e8040
7100163be4	71003e8040
7100163bec	71003db920,71003e8040
7100163c14	71003dafe0,71003db900,71003db910,71003db920,71003e01d0,71003e4910
7100163e78	71003db920,71003e8050
7100163ea8	71003e8050
7100163eb0	71003db920,71003e8050
7100163ef0	710016406c,71003dafd0,71003dafe0,71003db000
710016406c	7100007a40
7100164080	71003db900,71003db910,71003db920
7100164348	71003db9a0
71001643d0	71003db000,71003db340,71003db3a0,71003db9a0
7100164538	71003db920,71003db9b0
7100164580	71003db390
71001645e0	71003db390,71003db920
710016464c	71003db9c0
710016466c	71003db9d0
7100164678	71003db370
7100164680	71003db920,71003db9b0
71001646c0	7100007a40
71001646d4	71003db920,71003db9b0
7100164720	71003db390
7100164780	71003db390,71003db920
71001647ec	71003db9c0
7100164820	71003db920,71003db9b0
7100164860	71003db000,71003db340,71003db3a0,71003db9a0
71001649c8	71003db920,71003db9b0
7100164a10	71003db390
7100164a70	71003db390,71003db920
7100164adc	71003db9c0
7100164afc	71003db9d0
7100164b08	71003db370
7100164b10	71003db920,71003db9b0
7100164b50	71003dafe0
7100164bf0	71003dafe0
7100164c90	7100000340
71001657c8	71003dafa0,71003e0170
710016588c	71003e0170
710016591c	71003e0170
71001659b0	71003db0f0,71003db340,71003db360,71003db370,71003db390,71003db3a0,71003db620,71003db630,71003dbb80,71003dbb90,71003dbc50,71003dbc60,71003dbc70,71003dbde0,71003dbf10,71003dbf20,71003dc580,71003dc5a0,71003dc6d0,71003dc760,71003dcb00,71003dcc50,71003dcd80,71003dcda0,71003dfe10,71003dfed0,71003dfef0,71003e2e10,71003e3340,71003e8070
71001661c8	71003dafa0,71003e0170
7100166284	71003db0f0,71003db340,71003db360,71003db370,71003db390,71003db3a0,71003db9f0,71003dbb80,71003dbb90,71003dbc50,71003dbc60,71003dbc70,71003dbc80,71003dbd30,71003dbdd0,71003dbde0,71003dbf40,71003dc000,71003dc010,71003dc720,71003dcb00,71003dcbb0,71003dcd00,71003dcd10,71003dce20,71003dce30,71003e3a10,71003e8080
7100166838	71003db900,71003db910,71003db920
7100166890	71003db900,71003db910,71003db920
71001668f0	71003db000,71003db340,71003db3a0,71003db9a0
7100166a58	71003db920,71003db9b0
7100166aa0	71003db390
7100166b00	71003db390,71003db920
7100166b6c	71003db9c0
7100166b8c	71003db9d0
7100166b98	71003db370
7100166ba0	71003db920,71003db9b0
7100166be0	71003db000,71003db340,71003db3a0,71003db9a0
7100166d48	71003db920,71003db9b0
7100166d90	71003db390
7100166df0	71003db390,71003db920
7100166e5c	71003db9c0
7100166e7c	71003db9d0
7100166e88	71003db370
7100166e90	71003db920,71003db9b0
7100166ed0	710016a894,710016af78,710016af7c,71003dafa0,71003db000,71003db1e0,71003db340,71003db360,71003db370,71003db390,71003db3a0,71003db9a0,71003df9b0,71003e0170,71003e0180,71003e0190,71003e80c0
71001672d0	71003dafe0,71003db390,71003db900,71003db910,71003dcae0,71003e01d0,71003e4d50
7100167430	71003e80d0
7100167438	71003db920,71003e80d0
710016745c	71003db920,71003e80d0
7100167490	71003db170,71003db180,71003db1a0,71003db2a0,71003db2c0,71003db340,71003db360,71003db370,71003db390,71003db3a0,71003db470,71003db5e0,71003db630,71003db650,71003db8b0,71003dbb80,71003dbb90,71003dc7c0,71003dc860,71003dcb20,71003dcda0,71003dce20,71003dfe80,71003dfeb0,71003e1700,71003e18d0,71003e2570,71003e25a0,71003e3f50,71003e4e50,71003e4e60,71003e4e70,71003e5ce0,71003e80e0,71003e80f0,71003e8100,71003e8110
7100167a9c	71003dfeb0,71003e5ce0,71003e80e0
7100167b60	71003db0f0,71003db340,71003db470,71003db620,71003db630,71003dc860,71003dcb60,71003ddf20,71003de2a0,71003de2e0,71003df830,71003dfe40,71003dff50,71003e0050,71003e0060,71003e0070,71003e0080,71003e0090,71003e00a0,71003e00b0,71003e00c0,71003e00d0,71003e0110,71003e01b0,71003e0460,71003e0470,71003e3730,71003e56b0,71003e61f0,71003e6200,71003e6210,71003e6250
71001681d0	71003dafa0,71003db0f0,71003db1a0,71003db340,71003db360,71003db370,71003db390,71003db3a0,71003db470,71003db620,71003db630,71003db640,71003db8b0,71003db9f0,71003dbb80,71003dbde0,71003dbe10,71003dbe80,71003dbe90,71003dc6c0,71003dc6e0,71003dc7c0,71003dcae0,71003dcb60,71003dcca0,71003dcd00,71003dcd80,71003dcda0,71003dce20,71003ddf00,71003de3c0,71003deb20,71003df480,71003dfe10,71003dfe50,71003dfe70,71003dfe80,71003dfe90,71003dfea0,71003dfeb0,71003dff10,71003dff50,71003e0020,71003e0060,71003e0080,71003e00a0,71003e00c0,71003e0110,71003e2670,71003e3c00,71003e3c70,71003e3f90,71003e3fa0,71003e4d50,71003e4e60,71003e6840,71003e6850,71003e8110,71003e8120,71003e8130,71003e8140
7100169144	71003e01b0
7100169158	71003e01b0
7100169198	71003e01b0
71001691d4	71003daf60,71003db340,71003db360,71003db370,71003db390,71003db3a0,71003dbb80,71003dc000,71003dc010,71003dcca0,71003e6840,71003e6850
7100169350	71003db3a0
71001693a8	71003db3a0
7100169400	710016a894,710016b450,710016b454,71003db000,71003db1e0,71003db340,71003db360,71003db370,71003db390,71003db3a0,71003db9a0,71003e0170,71003e0180,71003e0190,71003e80c0
7100169760	71003dafe0,71003db390,71003db900,71003db910,71003dcae0,71003e01d0,71003e4d50
71001698a8	71003e8150
71001698b0	71003db920,71003e8150
71001698d4	71003db920,71003e8150
7100169910	71003db0f0,71003db340,71003db390,71003db3a0,71003db470,71003dc8c0,71003dcae0,71003dd410,71003de290,71003de2a0,71003de2e0,71003dff50,71003e0060,71003e0080,71003e0090,71003e00a0,71003e00c0,71003e00e0,71003e0110,71003e01b0,71003e0460,71003e0470,71003e3730,71003e4d50,71003e56b0,71003e61f0,71003e6200,71003e6210,71003e6250,71003e8160
7100169c84	71003e01b0
7100169cb8	71003db3a0
7100169ce4	71003db3a0
7100169d10	710016a894,710016b640,710016b644,71003db000,71003db1e0,71003db340,71003db360,71003db370,71003db390,71003db3a0,71003db9a0,71003e0170,71003e0180,71003e0190,71003e80c0
710016a080	71003dafe0,71003db390,71003db900,71003db910,71003dcae0,71003e01d0,71003e4d50
710016a1c8	71003e8170
710016a1d0	71003db920,71003e8170
710016a1f4	71003db920,71003e8170
710016a220	71003db0f0,71003db340,71003db390,71003db470,71003dc860,71003dcae0,71003de290,71003de2a0,71003de2e0,71003dff50,71003e0060,71003e0080,71003e0090,71003e00a0,71003e00c0,71003e0110,71003e01b0,71003e0460,71003e0470,71003e4d50,71003e56b0,71003e61f0,71003e6200,71003e6210,71003e6250
710016a530	71003e01b0
710016a564	71003db3a0
710016a590	71003db3a0
710016a604	71003db900,71003db910
710016a694	71003db900,71003db910,71003db920
710016af7c	71003db920
710016af90	71003db920,71003db9b0
710016afd0	71003db390
710016b09c	71003db9c0
710016b110	71003db000,71003db340,71003db3a0,71003db9a0
710016b278	71003db920,71003db9b0
710016b2c0	71003db390
710016b320	71003db390,71003db920
710016b38c	71003db9c0
710016b3ac	71003db9d0
710016b3b8	71003db370
710016b3c0	71003db920,71003db9b0
710016b404	71003db9a0
710016b454	71003db920
710016b468	71003db920,71003db9b0
710016b4b0	71003db390
710016b510	71003db390,71003db920
710016b57c	71003db9c0
710016b5b0	71003db920,71003db9b0
710016b5f4	71003db9a0
710016b644	71003db920
710016b658	71003db920,71003db9b0
710016b6a0	71003db390
710016b700	71003db390,71003db920
710016b76c	71003db9c0
710016b7a0	71003db920,71003db9b0
710016b7e0	71003e0170
710016b820	71003dafa0,71003dafe0,71003db000,71003db1c0,71003db1d0,71003db1e0,71003db200,71003db280,71003db2c0,71003db340,71003dc000,71003dcc30,71003dccf0,71003dce00,71003dce20,71003dfd30,71003e0310,71003e21e0,71003e2980,71003e30d0,71003e3960
710016bdec	71003e21e0
710016be24	71003daf60
710016bf0c	71003db060
710016c000	71003e0170,71003e0180,71003e0190
710016c0e0	71003daef0,71003daf00,71003daf60,71003daf70,71003daf80,71003dafa0,71003db030,71003db040,71003db0e0,71003db0f0,71003db140,71003db150,71003db180,71003db1a0,71003db2a0,71003db2c0,71003db2f0,71003db340,71003db360,71003db370,71003db390,71003db3a0,71003db470,71003db4f0,71003db5d0,71003dbb80,71003dbb90,71003dbde0,71003dc000,71003dc010,71003dcb60,71003dcbc0,71003dcd00,71003dce20,71003dd6c0,71003de3c0,71003de430,71003de450,71003de460,71003deab0,71003df850,71003e1610,71003e2270,71003e3510,71003e3980,71003e3a20,71003e3fc0,71003e41e0,71003e49d0,71003e4c60,71003e50f0,71003e5140,71003e5380,71003e5c30,71003e64b0,71003e64c0,71003e64e0,71003e64f0,71003e6d40,71003e7e20,71003e80b0,71003e81f0,71003e8200,71003e8210,71003e8220,71003e8230,71003e8240,71003e8250,71003e8260,71003e8270,71003e8280,71003e8290,71003e82a0,71003e82b0,71003e82c0,71003e82d0,71003e82e0,71003e82f0,71003e8300
710016db50	71003db470,71003dc000,71003dcd00,71003e81d0
710016dc50	71003daef0,71003daf60,71003db0f0,71003db340,71003db360,71003db370,71003db390,71003db3a0,71003dbb80,71003dbf00,71003e8070,71003e80b0,71003e8240
710016e158	71003daf60,71003db0f0,71003db340,71003db360,71003db370,71003db390,71003db3a0,71003dbb80,71003dc000,71003dc010,71003de430,71003de450,71003de460,71003e3fc0,71003e8270,71003e8280,71003e82c0,71003e82d0,71003e82e0,71003e82f0,71003e8300
710016e538	71003e01b0
710016e570	71003db3a0
710016e598	71003db3a0
710016e5c0	71003de470,71003de480,71003e0170
710016e670	71003db3a0,71003db9f0,71003dc000,71003dc8c0,71003dccf0,71003dcd00,71003dcd10,71003dd410,71003de3c0,71003deae0,71003deb20,71003e3a20,71003e7840,71003e81d0
710016e918	71003dce30,71003e21e0,71003e3b90
710016e980	710003bb28,71003daec0,71003daef0,71003daf20,71003daf30,71003daf60,71003dafa0,71003dafe0,71003db000,71003db0f0,71003db170,71003db180,71003db1a0,71003db1c0,71003db1d0,71003db1e0,71003db200,71003db280,71003db2a0,71003db2c0,71003db2f0,71003db340,71003db360,71003db370,71003db390,71003db3a0,71003db480,71003db4f0,71003db540,71003db5e0,71003db690,71003db6f0,71003db700,71003dbb80,71003dbb90,71003dbde0,71003dc000,71003dc010,71003dc8c0,71003dccf0,71003dcd00,71003dce20,71003dd410,71003dd6c0,71003de440,71003df4c0,71003df4d0,71003e2270,71003e3980,71003e39d0,71003e3a20,71003e3bd0,71003e3fd0,71003e4c60,71003e4ca0,71003e4e30,71003e6750,71003e6840,71003e6850,71003e6d40,71003e7840,71003e8310,71003e8320
7100170610	710003bb28,71003daef0,71003daf10,71003daf60,71003dafe0,71003db000,71003db060,71003db0f0,71003db340,71003db360,71003db370,71003db390,71003db3a0,71003db9f0,71003dbb80,71003dbd30,71003dc000,71003dc010,71003dc8c0,71003dcd00,71003dcd10,71003dce20,71003dce30,71003dd410,71003de440,71003e3fd0,71003e6840,71003e6850,71003e7840
7100170f04	71003e0170
7100170f70	71003daf60,71003dafa0,71003db0f0,71003db180,71003db1a0,71003db2a0,71003db2c0,71003db2f0,71003db340,71003db360,71003db370,71003db390,71003db3a0,71003db4f0,71003db5d0,71003dbb80,71003dbb90,71003dbde0,71003dc000,71003dc010,71003dcb60,71003dcbc0,71003dcd00,71003dcd20,71003dd6c0,71003de3c0,71003de430,71003de450,71003de460,71003deab0,71003df9a0,71003e2270,71003e3980,71003e3a20,71003e3eb0,71003e49d0,71003e4c60,71003e6d40,71003e8270,71003e8280,71003e82c0,71003e82d0,71003e82e0,71003e82f0,71003e8300,71003e8330
710017272c	71003db1a0,71003db340,71003db360,71003db370,71003db390,71003db3a0,71003db9f0,71003dbd30,71003dbe10,71003dc1a0,71003dc990,71003dca10,71003dca20,71003dcd00,71003dd6c0,71003e2270
71001737b0	71003de470,71003de480,71003e0170
71001738d0	710003bb28,71003daec0,71003daf20,71003daf30,71003daf60,71003dafa0,71003dafe0,71003db000,71003db0f0,71003db170,71003db180,71003db1a0,71003db1c0,71003db1d0,71003db1e0,71003db200,71003db280,71003db2a0,71003db2c0,71003db2f0,71003db340,71003db360,71003db370,71003db390,71003db3a0,71003db480,71003db4f0,71003db540,71003db5e0,71003db690,71003db700,71003dbb80,71003dbb90,71003dbde0,71003dc000,71003dc010,71003dc1a0,71003dc8c0,71003dccf0,71003dcd00,71003dcdb0,71003dcdc0,71003dce20,71003dcf00,71003dd410,71003dd6c0,71003de3c0,71003deb80,71003df4c0,71003df4d0,71003e2270,71003e3980,71003e39d0,71003e3a20,71003e3bd0,71003e4c60,71003e4ca0,71003e4e30,71003e6750,71003e6d40,71003e7840,71003e8310,71003e8320,71003e8340
7100176480	71003db900,71003db910
7100176510	71003db900,71003db910,71003db920
71001765a8	71003dafe0,71003db900,71003db910,71003e01d0
7100176664	71003db920,71003e8350
7100176694	71003e8350
710017669c	71003db920,71003e8350
71001766d0	71003db900,71003db910,71003db920
7100176768	71003db900,71003db910
7100176838	71003db920,71003e8360
710017685c	71003dafe0,71003db900,71003db910
710017693c	71003db920,71003e8370
7100176960	71003db000,71003db340,71003db3a0,71003db9a0
7100176ac8	71003db920,71003db9b0
7100176b10	71003db390
7100176b70	71003db390,71003db920
7100176bdc	71003db9c0
7100176bfc	71003db9d0
7100176c08	71003db370
7100176c10	71003db920,71003db9b0
7100176c50	71003db000,71003db340,71003db3a0,71003db9a0
7100176db8	71003db920,71003db9b0
7100176e00	71003db390
7100176e60	71003db390,71003db920
7100176ecc	71003db9c0
7100176eec	71003db9d0
7100176ef8	71003db370
7100176f00	71003db920,71003db9b0
7100176f40	71003db000,71003db340,71003db3a0,71003db9a0
71001770a8	71003db920,71003db9b0
71001770f0	71003db390
7100177150	71003db390,71003db920
71001771bc	71003db9c0
71001771dc	71003db9d0
71001771e8	71003db370
71001771f0	71003db920,71003db9b0
7100177230	71003db000,71003db340,71003db3a0,71003db9a0
7100177398	71003db920,71003db9b0
71001773e0	71003db390
7100177440	71003db390,71003db920
71001774ac	71003db9c0
71001774cc	71003db9d0
71001774d8	71003db370
71001774e0	71003db920,71003db9b0
7100177520	71003db000,71003db340,71003db3a0,71003db9a0
7100177688	71003db920,71003db9b0
71001776d0	71003db390
7100177730	71003db390,71003db920
710017779c	71003db9c0
71001777bc	71003db9d0
71001777c8	71003db370
71001777d0	71003db920,71003db9b0
7100177810	71003db000,71003db340,71003db3a0,71003db9a0
7100177978	71003db920,71003db9b0
71001779c0	71003db390
7100177a20	71003db390,71003db920
7100177a8c	71003db9c0
7100177aac	71003db9d0
7100177ab8	71003db370
7100177ac0	71003db920,71003db9b0
7100177b00	71003dafa0,71003db1a0,71003db1c0,71003db1d0,71003db1e0,71003de0f0
7100177d14	71003dafa0,71003db1a0,71003db2f0,71003e0170
7100177e80	710003bb28,710017b090,71003dafa0,71003dafe0,71003db000,71003db1a0,71003db1c0,71003db1d0,71003db1e0,71003db3a0,71003db6a0,71003db6b0,71003db6c0,71003db6f0,71003df850,71003df9a0,71003e2730,71003e3b80,71003e72d0,71003e83e0
71001787a4	71003e3b90
71001787c0	710003bb28,71003daf10,71003daf60,71003daf70,71003daf80,71003dafa0,71003dafe0,71003db000,71003db030,71003db040,71003db0f0,71003db140,71003db1a0,71003db1c0,71003db1d0,71003db1e0,71003db200,71003db2a0,71003db2c0,71003db2f0,71003db340,71003db360,71003db370,71003db390,71003db3a0,71003db3c0,71003db430,71003db470,71003db480,71003db4f0,71003db640,71003db820,71003db9f0,71003dbb80,71003dbb90,71003dbde0,71003dc000,71003dc010,71003dc1a0,71003dc6f0,71003dcb00,71003dcb60,71003dcbd0,71003dcce0,71003dccf0,71003dcd00,71003dd6c0,71003de270,71003df4c0,71003df4d0,71003df850,71003df9a0,71003dfb30,71003dfc30,71003e0310,71003e2270,71003e2700,71003e3510,71003e41e0,71003e4930,71003e49d0,71003e4ee0,71003e50f0,71003e5140,71003e5420,71003e5920,71003e5c80,71003e5ea0,71003e64b0,71003e64c0,71003e64e0,71003e64f0,71003e7ed0,71003e8320,71003e8380,71003e83a0,71003e83d0,71003e83f0,71003e8400,71003e8410,71003e8420,71003e8430,71003e8440
710017ad34	71003dff40,71003e0170
710017ada4	71003dafa0,71003db0f0,71003db170,71003db2c0,71003db340,71003db360,71003db370,71003db390,71003db3a0,71003db600,71003dbb80,71003dbb90,71003de440,71003e8390,71003e83b0,71003e8450,71003e8460
710017af5c	71003dafe0,71003db900,71003db910
710017b00c	71003db920,71003e8470
710017b030	71003db900,71003db910,71003db920
710017b090	710017b090,710017b880,710017ba50
710017ba50	710017b880
710017bd40	71003db000,71003db340,71003db3a0,71003db9a0
710017bea8	71003db920,71003db9b0
710017bef0	71003db390
710017bf50	71003db390,71003db920
710017bfbc	71003db9c0
710017bfdc	71003db9d0
710017bfe8	71003db370
710017bff0	71003db920,71003db9b0
710017c030	71003db000,71003db340,71003db3a0,71003db9a0
710017c198	71003db920,71003db9b0
710017c1e0	71003db390
710017c240	71003db390,71003db920
710017c2ac	71003db9c0
710017c2cc	71003db9d0
710017c2d8	71003db370
710017c2e0	71003db920,71003db9b0
710017c320	71003db000,71003db340,71003db3a0,71003db9a0
710017c488	71003db920,71003db9b0
710017c4d0	71003db390
710017c530	71003db390,71003db920
710017c59c	71003db9c0
710017c5bc	71003db9d0
710017c5c8	71003db370
710017c5d0	71003db920,71003db9b0
710017c610	71003db000,71003db340,71003db3a0,71003db9a0
710017c778	71003db920,71003db9b0
710017c7c0	71003db390
710017c820	71003db390,71003db920
710017c88c	71003db9c0
710017c8ac	71003db9d0
710017c8b8	71003db370
710017c8c0	71003db920,71003db9b0
710017c900	71003dafa0,71003e0170
710017c97c	71003db0f0,71003db1a0,71003db2c0,71003db300,71003db340,71003db360,71003db370,71003db390,71003db3a0,71003db600,71003db9f0,71003dbb80,71003dbb90,71003dbd60,71003dbde0,71003dbe10,71003dc000,71003dc010,71003dc730,71003dcb00,71003dcb60,71003dce20,71003e4ee0,71003e7ed0
710017cc80	71003db900,71003db910,71003db920
710017ccd8	71003dafa0,71003e0170
710017cd54	71003db1a0,71003db340,71003db360,71003db370,71003db390,71003db3a0,71003dbb80,71003dbb90,71003e2110,71003e84b0,71003e84c0,71003e84d0
710017ce50	71003db900,71003db910,71003db920
710017ceb0	71003db000,71003db340,71003db3a0,71003db9a0
710017d018	71003db920,71003db9b0
710017d060	71003db390
710017d0c0	71003db390,71003db920
710017d12c	71003db9c0
710017d14c	71003db9d0
710017d158	71003db370
710017d160	71003db920,71003db9b0
710017d1a0	71003dafe0
710017d508	71003dafa0,71003e0170
710017d5a0	71003db0f0,71003db340,71003db360,71003db370,71003db390,71003db3a0,71003dbb80,71003dc180,71003dc5a0,71003dc760,71003dcb00,71003dcda0,71003dfe10,71003dfed0,71003dfef0,71003e2e10,71003e7c40
710017d9f4	71003db900,71003db910,71003db920
710017da4c	71003dafa0,71003db1a0,71003db630,71003de0a0,71003dff40,71003e0170
710017db34	71003db920,71003e8510
710017db58	71003dc860,71003e5510,71003e8520,71003e8530,71003e8540
710017dbd8	71003dc860,71003e5510,71003e5cf0,71003e8550
710017dc20	71003dfeb0,71003e3c00
710017dc70	71003dfeb0,71003e3c00
710017dcc0	71003db200,71003db2c0,71003db340,71003db350,71003db360,71003db370,71003db380,71003db390,71003db3a0
710017ddd0	71003daee0,71003daf00,71003daf30,71003daf70,71003daf80,71003db030,71003db040,71003db0a0,71003db0b0,71003e50f0,71003e5140,71003e64b0,71003e64c0,71003e64f0,71003e7e10,71003e7e30
710017dfc8	71003db0a0
710017dfe0	71003db3a0,71003dcb20,71003dcc40,71003df880
710017e088	71003db1a0,71003db200,71003db2e0,71003db3a0,71003dc000,71003dcc40,71003dccf0,71003dcda0,71003dce20,71003df410,71003e3bd0
710017e1c4	71003db0a0,71003e29f0,71003e8500
710017e244	71003daf60,71003db1a0,71003db2e0,71003db340,71003db360,71003db370,71003db390,71003db3a0,71003db4c0,71003db800,71003db830,71003dbb80,71003dbde0,71003dbe00,71003dc330,71003dc680,71003dcd80,71003dce20,71003e30c0,71003e6840,71003e6850
710017e670	71003e8500
710017e6a8	71003dbe00,71003e1c00,71003e29f0
710017e790	71003db2b0
710017e7a4	71003db340,71003db360,71003db370,71003db390,71003db3a0,71003db9f0,71003dbb80,71003dc1a0,71003dc680,71003dc6d0,71003dcc40,71003dccf0,71003dcd80,71003e26d0
710017ea20	71003db470,71003dbe00,71003dbe10,71003dc000,71003dc010
710017eb90	71003db0f0,71003db3a0,71003db460,71003db470,71003db8e0,71003ddbe0,71003e0590,71003e85b0
710017eda8	71003db3a0,71003ddbe0,71003e0590,71003e85b0
710017ee28	71003e8500
710017ee60	71003daef0,71003daf60,71003db0f0,71003db2b0,71003db340,71003db360,71003db370,71003db390,71003db3a0,71003db480,71003db4c0,71003db4f0,71003db800,71003db830,71003dbb80,71003dbdc0,71003dbde0,71003dbe00,71003dc000,71003dc010,71003dc860,71003dcb60,71003dce20,71003ddbe0,71003df230,71003df240,71003df850,71003e0590,71003e1c00,71003e29f0,71003e5510,71003e5cf0,71003e80b0,71003e8240,71003e8520,71003e8530,71003e8540,71003e8550,71003e8560,71003e8580,71003e8590,71003e85a0,71003e85b0
710017f620	71003e8500
710017f658	71003db0f0,71003db1a0,71003db2b0,71003db2e0,71003db3a0,71003db480,71003db4f0,71003db9f0,71003dbdc0,71003dbde0,71003dbe00,71003dc000,71003dc010,71003dc1a0,71003dcb20,71003dce20,71003ddbe0,71003df880,71003e0310,71003e0340,71003e0590,71003e1c00,71003e29f0,71003e3b80,71003e3b90,71003e8580,71003e8590,71003e85b0
710017faf0	71003e8500
710017fb28	71003db0f0,71003db2b0,71003db3a0,71003db480,71003db4f0,71003dbe00,71003dc000,71003dc010,71003dce20,71003ddbe0,71003df230,71003df240,71003e0590,71003e1c00,71003e29f0,71003e8560,71003e8580,71003e8590,71003e85a0,71003e85b0
710017fe48	71003e0170,71003e85c0
710017ff80	71003dafe0,71003db340,71003db3a0,71003dd5d0,71003dd8c0,71003dd8d0,71003dd8e0,71003dfdc0,71003dfdd0,71003e05a0,71003e3440,71003e85d0,71003e85e0
7100180530	71003db900,71003db910,71003e32a0
7100180630	71003db920,71003e85f0
7100180660	71003db3a0,71003ddaf0,71003e7670,71003e7a00
7100180a10	71003db470,71003dbdc0,71003dc520,71003dd170,71003dd180
7100180cc8	71003dbdc0
7100180d80	71003dafe0,71003db0a0,71003db340,71003dcb20,71003df880,71003dfd30,71003dfdc0,71003dfdd0,71003e0180,71003e0190,71003e29f0,71003e2e20,71003e6e60,71003e6e70,71003e7c60,71003e8500
7100181378	71003dafe0,71003db900,71003db910,71003e01d0,71003e4970
7100181478	71003e8620
7100181480	71003db920,71003e8620
71001814a4	71003db920,71003e8620
71001814d0	71003daef0,71003daf60,71003dafb0,71003dafe0,71003db000,71003db0f0,71003db2b0,71003db340,71003db360,71003db370,71003db390,71003db3a0,71003db480,71003db4c0,71003db4f0,71003db800,71003db830,71003db9a0,71003dbb80,71003dbdc0,71003dbde0,71003dbe00,71003dc1a0,71003dc250,71003dc270,71003dc430,71003dc580,71003dc590,71003dc680,71003dc6b0,71003dc6d0,71003dcb20,71003dcb60,71003dcc40,71003dcc50,71003dcd40,71003dcd80,71003dcda0,71003ddf00,71003ddf20,71003df880,71003e26d0,71003e3090,71003e30c0,71003e3530,71003e5ba0,71003e6850,71003e8560,71003e85b0,71003e8630,71003e8640,71003e8650,71003e8660,71003e8670,71003e8680,71003e8690,71003e86a0
7100182710	71003db3a0,71003dc030,71003e1c00,71003e79f0
71001827e8	71003dd680,71003dde00,71003e1790,71003e85b0
7100182b74	71003db2b0,71003db3a0,71003dc000,71003dc1a0,71003dcb20,71003dcc30,71003dcc40,71003df880,71003e0310,71003e30c0,71003e3340
7100182d90	71000166d8,71003dafe0,71003db000,71003db340,71003db360,71003db370,71003db390,71003dc5d0,71003dc5e0,71003dc7d0,71003dfe80
7100183024	71003ddf20
7100183038	71003db340,71003db360,71003db370,71003db390,71003dc580,71003dc590,71003dc6b0,71003dcd80
7100183120	710003bb14,71003dafe0,71003db000,71003db050,71003db0f0,71003db470,71003dbe10,71003dc860,71003ddf20,71003de2a0,71003dfe10,71003dff10,71003e01b0,71003e0470,71003e30a0,71003e3730,71003e50c0,71003e5670,71003e56b0,71003e61f0,71003e6200,71003e6210,71003e6250,71003e6750,71003e7ca0,71003e7cb0,71003e7ce0,71003e86c0,71003e86d0,71003e86e0,71003e86f0
710018394c	71003dafe0,71003db000,71003db2b0,71003dbb80,71003dc1a0,71003dcc50,71003e30c0,71003e8660
7100183ab0	71003daf60,71003dafe0,71003db000,71003db0f0,71003db340,71003db360,71003db370,71003db390,71003db470,71003db4c0,71003db830,71003dbb80,71003dbdc0,71003dbe00,71003dc5e0,71003dc7d0,71003dcc50,71003dcda0,71003dd680,71003dfe80,71003e30c0,71003e7c70,71003e85b0,71003e8660
71001842a0	71003daf30,71003dc330,71003dd680,71003ddd70,71003ddd80,71003dde00,71003e1790,71003e85b0
7100184c1c	71003e8630,71003e8640
7100184c6c	71003dfe10,71003e30a0,71003e50c0,71003e86c0
7100184ce0	71003db0f0,71003dbe00
7100184df4	71003db340,71003dfd30,71003e8600
7100184edc	71003daec0,71003daf60,71003dafe0,71003db000,71003db0f0,71003db1a0,71003db2e0,71003db390,71003db3a0,71003db480,71003db4c0,71003db4f0,71003db800,71003db9f0,71003dbb80,71003dbde0,71003dbe00,71003dc000,71003dc160,71003dc1a0,71003dcb20,71003dcc40,71003dcc50,71003dcd40,71003dce20,71003dd680,71003ddcb0,71003ddf20,71003de830,71003df880,71003e0340,71003e3090,71003e30c0,71003e3510,71003e3b80,71003e3b90,71003e85b0,71003e8630,71003e8640,71003e8650,71003e8660,71003e8670,71003e8680,71003e8690,71003e86a0,71003e86b0,71003e8710
7100185664	71003e8500
7100185708	71003db920,71003e8720
7100185730	71003dafe0,71003db0f0,71003db1c0,71003db1d0,71003db1e0,71003db200,71003db3a0,71003db470,71003db480,71003db4f0,71003db510,71003db5f0,71003db700,71003dbbc0,71003dbdc0,71003dc040,71003dc330,71003dcb20,71003dcb60,71003dcc60,71003dcca0,71003dceb0,71003ddc20,71003ddc40,71003df410,71003e0340,71003e2190,71003e2a70,71003e4ae0,71003e8740,71003e8750,71003e8760,71003e8770,71003e8780
7100186310	71003daf30,71003db340,71003db3a0,71003dc040,71003dd680,71003dd6c0,71003ddc40,71003ddc50,71003ddea0,71003e8790,71003e87a0
7100187710	710018c494,71003dafa0,71003dafe0,71003db000,71003db050,71003db1a0,71003db3a0,71003db630,71003dc040,71003dcb20,71003ddc20,71003ddc40,71003de270,71003e1800,71003e22b0,71003e26d0
7100187dac	71003dc330,71003e4ae0
7100187e70	71003db0f0,71003db1c0,71003db1d0,71003db1e0,71003db200,71003db3a0,71003db470,71003db480,71003db4f0,71003db5f0,71003dcc60,71003dd6c0,71003de0a0,71003df630,71003df690,71003e23a0
710018a244	71003daf60,71003db1c0,71003db1d0,71003db1e0,71003db4c0,71003db800,71003db830,71003dc860,71003e5510,71003e5cf0,71003e8550
710018a348	71003db1c0,71003db1d0,71003db1e0,71003de0a0,71003e23a0
710018a41c	71003dafa0,71003db1c0,71003db1d0,71003db1e0,71003db600,71003db700,71003dcda0,71003dce20,71003e1800,71003e75c0
710018a658	71003df220
710018a690	71003db0f0,71003db2b0,71003db340,71003db360,71003db370,71003db390,71003db3a0,71003db460,71003dbb80,71003dbe00,71003dbe10,71003dc000,71003dc010,71003dc1a0,71003dc6c0,71003dc7a0,71003dcb20,71003dcc50,71003dcd80,71003df880,71003dfe80,71003e1c00,71003e26d0,71003e3510
710018aa5c	71003e8500
710018ab10	71003db0f0,71003db480,71003db4f0,71003dbde0,71003dc860,71003df220,71003e47d0,71003e5510,71003e8520,71003e8530,71003e8540,71003e8560,71003e8730,71003e87b0,71003e87c0
710018ac48	71003de3c0,71003de9f0,71003e4090,71003e8500
710018ad60	71003db0f0,71003db170,71003db1a0,71003db2c0,71003db3a0,71003db470,71003db480,71003db4f0,71003db8e0,71003dbde0,71003dc000,71003dc010,71003dc860,71003dcd10,71003dce30,71003ddcb0,71003df220,71003e3af0,71003e3b00,71003e47d0,71003e5510,71003e8520,71003e8530,71003e8540,71003e8560,71003e8730,71003e87b0,71003e87e0
710018b184	71003e8500
710018b240	71003db0f0,71003db340,71003db360,71003db370,71003db390,71003db3a0,71003db470,71003db480,71003db4f0,71003db8e0,71003dbb80,71003dbde0,71003dc000,71003dc010,71003dcd10,71003dce20,71003dce30,71003ddcb0,71003e3430,71003e47d0,71003e6890,71003e68a0,71003e75c0,71003e8560,71003e8730
710018b750	71003e8500
710018b804	71003db480,71003db4f0,71003dbde0,71003dce20,71003e47d0,71003e75c0,71003e8560,71003e8730,71003e87c0
710018b8f8	71003db900,71003db910,71003db920,71003e4970
710018b98c	71003db900,71003db910,71003db920,71003e4970
710018ba20	71003db900,71003db910,71003db920,71003e4970
710018bab4	71003db900,71003db910,71003db920,71003e4970
710018bb48	71003e8610
710018bb98	71003db920,71003e8610
710018bbfc	71003e8610
710018bc4c	71003db920,71003e8610
710018bcb0	71003dafe0,71003db900,71003db910,71003e4970
710018bedc	71003db920,71003e87d0
710018bf00	71003db920,71003e87d0
710018bf24	71003e87d0
710018bf6c	71003db920,71003e87d0
710018bfbc	71003db920,71003e87d0
710018bfe0	71003db900,71003db910,71003e4970
710018c06c	71003db900,71003db910,71003db920,71003e4970
710018c100	71003db000,71003db340,71003db9a0
710018c2c0	71003db8e0,71003dbba0,71003dbbb0
710018c454	71003db920,71003db9b0
710018c494	7100007a40
710018c4b0	71003daea0,71003daeb0
710018c500	71003daea0,71003daeb0
710018c550	71003db3a0,71003db8b0
710018c5b0	710018c8f0,710018ca6c,7100190ce4,7100190ce8,7100190dbc,7100190dc0,71003daf20,71003db0f0,71003db3a0,71003dbd60,71003dc160,71003dc8c0,71003dd410,71003dd5b0,71003de8e0,71003de8f0,71003e1760,71003e1c00,71003e3040,71003e4ae0
710018c8f0	7100016860,71001906b0,7100190a50,71003daf30,71003dafd0,71003dafe0,71003db000
710018ca6c	7100016860,71003daf30,71003dafd0,71003dafe0,71003db000,71003de870,71003de8b0,71003e4ae0
710018cc24	71003db340,71003db8b0,71003dd320,71003dd430,71003dd4e0
710018ce60	7100016860,710018d1a0,71003daf30,71003dafd0,71003dafe0,71003db000,71003db0f0,71003db470,71003dc160,71003de870,71003de8a0,71003e3d80,71003e3d90,71003e3da0,71003e3db0,71003e3dc0,71003e3dd0,71003e3de0,71003e3df0,71003e3e00
710018d1a0	71003daed0,71003daf70,71003daf80,71003db010,71003db020,71003db030,71003db0b0,71003db130,71003db390,71003db470,71003dbb80,71003e0470,71003e8890
710018d2c0	710018c8f0,71003dc160,71003de8e0,71003de8f0
710018d354	71003dafa0,71003db340,71003db3a0,71003dbfc0,71003dbfd0,71003dc160,71003de7e0,71003e0170,71003e2070,71003e79f0
710018d510	71003dafa0,71003db000,71003db0f0,71003db1a0,71003db200,71003db220,71003db230,71003db340,71003db390,71003db3a0,71003db9a0,71003db9f0,71003dbb80,71003dbd60,71003dc000,71003dc010,71003dc020,71003dc120,71003dc1a0,71003dc510,71003dc520,71003dce20,71003dd680,71003ddbe0,71003e1ba0,71003e28f0,71003e30c0,71003e3510,71003e3a40,71003e3b00,71003e7a00,71003e88a0
710018db30	71003db3a0
710018dc64	71003db3a0,71003db8b0
710018dcc0	71003db0f0,71003dbde0,71003dc000,71003dc010,71003dc610,71003dcb60,71003dd5b0,71003dd610,71003e2430,71003e3040,71003e4ae0,71003e5230,71003e88b0,71003e88c0,71003e88d0,71003e88e0
710018de50	710018df34,71003dc160,71003de8f0,71003e88f0
710018df34	7100016860,71003daf30,71003dafd0,71003dafe0,71003db000,71003de8a0,71003de8b0,71003de8e0
710018e0f4	71003dc160,71003de8f0
710018e148	71003dc160,71003de8f0
710018e1dc	7100016860,71003dafd0,71003db000,71003db8b0
710018e3a0	710018e530,71003db470,71003dc160,71003dcca0,71003de8e0,71003de8f0,71003e5150,71003e7990,71003e79a0,71003e88f0,71003e8900
710018e530	7100016860,7100190a50,71003daf30,71003dafd0,71003dafe0,71003db000,71003dc9b0
710018e710	71003db3a0,71003db8b0
710018e770	71003db900,71003db910
710018e81c	71003db920,71003e8910
710018e840	710018c8f0,7100191178,710019117c,71003dafe0,71003db340,71003db360,71003db370,71003db390,71003db3a0,71003db470,71003db560,71003db5c0,71003dbb80,71003dc160,71003dc890,71003de830,71003e2890,71003e28a0,71003e3d50,71003e3d60,71003e4860,71003e48e0,71003e8920,71003e8930,71003e8940
710018ed90	71003db3a0,71003dc080,71003dc090,71003e8950
710018ef70	71003dc160,71003de750,71003e2030,71003e2090,71003e8960,71003e8970,71003e8980
710018f094	71003dc160,71003de760,71003de8f0,71003e8990,71003e89a0
710018f168	71003db3a0,71003dc160,71003de760,71003de8f0
710018f204	71003db1e0,71003db3a0,71003dc160,71003de7c0,71003de8f0
710018f2d8	71003db1e0,71003dc160,71003de7c0,71003de8f0
710018f434	710018f610,71003db3a0,71003dc160,71003dcca0,71003de760,71003de8e0,71003de8f0,71003e8990,71003e89a0
710018f610	710018c8f0,7100190c28,7100190c2c,71003db470,71003e5150,71003e7990,71003e79a0,71003e8900
710018f72c	71003db8b0
710018f770	71003dafe0,71003db0f0,71003db200,71003db210,71003db220,71003db250,71003db260,71003db270,71003db290,71003db2c0,71003db2f0,71003db3a0,71003db520,71003db530,71003db9f0,71003dc1a0,71003dcc00,71003dccf0,71003df530,71003e0310,71003e2430,71003e29f0,71003e30c0,71003e39c0,71003e3ce0,71003e3d10,71003e51b0,71003e7b60,71003e89b0
710018fb88	7100016860,71003dafd0,71003db000,71003e0170
710018fc84	7100016860,71003dafd0,71003dafe0,71003db000,71003db340,71003db360,71003db370,71003db390,71003db3a0,71003dbb80,71003e0170,71003e89c0
710018fec0	7100016860,71003daf30,71003dafd0,71003dafe0,71003db000,71003dbe00,71003dc160,71003de880,71003de890
71001900ec	71003e0340
7100190120	71003db470,71003dbb90,71003e7500,71003e7510
7100190160	71003db900,71003db910,71003db920
71001901b8	71003db900,71003db910,71003db920
7100190210	71003db900,71003db910,71003db920
7100190268	71003db900,71003db910,71003db920
71001902c0	71003db900,71003db910
7100190338	71003db900,71003db910,71003db920
71001903b8	71003db900,71003db910,71003db920
7100190410	71003db900,71003db910,71003db920
7100190468	71003dafe0,71003db900,71003db910
71001904e8	71003dafe0,71003db900,71003db910,71003db920
7100190570	71003db900,71003db910,71003db920
71001905c8	71003dafe0,71003db900,71003db910
7100190638	71003dafe0,71003db900,71003db910,71003db920
71001906b0	7100016860,7100022cfc,71003dafd0,71003dafe0,71003db000,71003db050,71003e4eb0
7100190a50	71003daed0,71003daf70,71003daf80,71003db010,71003db020,71003db030,71003db040,71003db080,71003db0b0,71003db3a0
7100190bdc	71003db9a0
7100190c2c	71003db920
7100190c98	71003db9a0
7100190ce8	71003db920
7100190d70	71003db9a0
7100190dc0	71003db920
7100190e44	71003db8e0,71003dbba0
7100190f20	71003db920,71003db9b0
7100190f60	71003db340,71003e89d0
710019117c	71003db920
7100191210	71003db000,71003db340,71003db3a0,71003db9a0
7100191378	71003db920,71003db9b0
71001913c0	71003db390
7100191420	71003db390,71003db920
710019148c	71003db9c0
71001914ac	71003db9d0
71001914b8	71003db370
71001914c0	71003db920,71003db9b0
7100191500	71003e0170,71003e0180,71003e0190
71001916ec	71003db0f0,71003de2e0
7100191730	71003dafa0,71003dafe0,71003db1a0,71003db470,71003de2a0,71003df950,71003dfa70,71003e2370
7100191960	71000166ec,71000cd42c,7100194418,710019441c,71003daf70,71003daf80,71003dafa0,71003dafb0,71003dafe0,71003db000,71003db030,71003db040,71003db0f0,71003db1a0,71003db200,71003db2c0,71003db2f0,71003db340,71003db360,71003db370,71003db390,71003db3a0,71003db470,71003db8b0,71003db9a0,71003dbea0,71003dc210,71003dc2f0,71003dcb20,71003dd720,71003df4f0,71003df550,71003df950,71003dfa70,71003dfd30,71003dff10,71003e01b0,71003e03f0,71003e0460,71003e04a0,71003e1a90,71003e2370,71003e24b0,71003e2510,71003e2530,71003e3cb0,71003e3cc0,71003e3d30,71003e4b20,71003e4d50,71003e50f0,71003e5140,71003e56b0,71003e61f0,71003e6200,71003e6210,71003e6250,71003e64b0,71003e64c0,71003e64e0,71003e64f0,71003e7e20,71003e8230,71003e85e0,71003e8a20,71003e8a30,71003e8a40
7100192bc0	71003db470,71003db8e0,71003dbba0
7100192ce0	71003db200,71003dba80,71003dc050,71003df420,71003e22f0
7100193080	71003e1a90,71003e8a50,71003e8a60
71001932c0	71003dafe0,71003db340,71003dd4e0,71003e8a40,71003e8a70
7100193840	71003dcb20
7100193970	71003dafa0,71003db0f0,71003db1a0,71003db200,71003db270,71003db2c0,71003db2f0,71003db410,71003db460,71003db480,71003db4f0,71003db5e0,71003db600,71003db630,71003db6f0,71003dbb80,71003dc000,71003dc860,71003de2a0,71003de2e0,71003df550,71003df560,71003e0310,71003e2130,71003e22b0,71003e3730,71003e3ad0,71003e3ae0,71003e3b00,71003e5670,71003e7ca0,71003e7cb0,71003e7ce0,71003e8a00,71003e8a10
7100193d6c	71003de3c0,71003de9f0,71003e4090,71003e89f0
7100193e30	71003dbb90,71003e8a80
7100193e44	71003de3c0,71003de9f0,71003e4090,71003e89f0
7100193f08	71003dbb90,71003e8a80
7100193f1c	71003de3c0,71003de9f0,71003e4090,71003e89f0
7100193fe0	71003dbb90,71003e8a80
7100193ff4	71003db920,71003e8a90
7100194024	71003e8a90
710019402c	71003db920,71003e8a90
7100194060	71003db920,71003e8a90
7100194084	71003e8a90
710019408c	71003db920,71003e8a90
71001940b4	71003db920,71003e8a90
71001940d8	71003e8a90
71001940e0	71003db920,71003e8a90
7100194110	71003dafe0,71003db900,71003db910,71003e01d0
7100194234	71003db920,71003e8a90
7100194258	71003e8a90
7100194260	71003db920,71003e8a90
7100194288	71003db900,71003db910,71003db920
71001943b4	71003db9a0
710019443c	71003db920,71003db9b0
7100194480	71003db390
71001944e0	71003db390,71003db920
710019454c	71003db9c0
7100194580	71003db920,71003db9b0
71001945c0	7100194704,71003dafe0,71003db000
7100194704	7100007a40
7100194720	7100194928,7100194970,71003dafe0,71003db000,71003db050
7100194928	71003dafe0
7100194970	7100007a40
7100194984	71003dafa0,71003e0170,71003e0180,71003e0190
7100194a40	71003daf40,71003daf60,71003db0e0,71003db0f0,71003db140,71003db160,71003db1a0,71003db1c0,71003db1d0,71003db1e0,71003db2c0,71003db2e0,71003db300,71003db340,71003db360,71003db370,71003db390,71003db3a0,71003db430,71003db600,71003db630,71003db820,71003db880,71003db890,71003db9f0,71003dbb80,71003dbb90,71003dc000,71003dc700,71003dcb00,71003dcb20,71003dcce0,71003dcd00,71003dce20,71003de190,71003de570,71003dfc40,71003dfe90,71003dfea0,71003e41e0,71003e4ed0,71003e54a0,71003e5cb0,71003e6750,71003e8ad0,71003e8ae0,71003e8af0,71003e8b00,71003e8b10
71001955f0	710003bb14,71003dafd0,71003dafe0,71003db000,71003db050,71003db1a0,71003db340,71003db3a0,71003db9f0,71003dcd00,71003dce20,71003ddf20,71003de160,71003de190,71003df8e0,71003e08c0,71003e09f0,71003e13b0,71003e52c0,71003e5bf0,71003e8b20,71003e8b30,71003e8b40,71003e8b50,71003e8b60
7100195dac	71003e8b70,71003e8b80
7100195e90	71003db3a0,71003de160
7100195ef4	71003db1a0,71003db2c0,71003db300,71003db340,71003db360,71003db370,71003db390,71003db3a0,71003db3c0,71003dbb80,71003dcb20,71003e6840,71003e6850
7100196074	71003db340,71003db360,71003db370,71003db390,71003db3a0,71003dbb80,71003e6890,71003e68a0
7100196150	71003e01b0
71001961b8	71003dafe0,71003db900,71003db910,71003e01d0
7100196234	71003dafe0,71003db900,71003db910,71003db920,71003e01d0
71001962c4	71003dafe0,71003db900,71003db910,71003e01d0
7100196340	71003dafe0,71003db900,71003db910,71003db920,71003e01d0
71001963d0	71003db000,71003db340,71003db3a0,71003db9a0
7100196538	71003db920,71003db9b0
7100196580	71003db390
71001965e0	71003db390,71003db920
710019664c	71003db9c0
710019666c	71003db9d0
7100196678	71003db370
7100196680	71003db920,71003db9b0
7100196830	710002cfd0,71003dd860,71003dfcf0,71003dfd20
71001968dc	71003dc0a0
710019699c	71003dc0a0
7100196a64	71003dc0a0
7100196ab4	71003dc0a0
7100196b04	710002cfd0,71003dd860,71003dfcf0,71003dfd20
7100196bb0	71003dc0a0
7100196c70	71003dc0a0
7100196d38	71003dc0a0
7100196d88	71003dc0a0
7100196dd8	71003db3a0,71003db8b0
7100196e30	710003bb14,71003dafa0,71003dafe0,71003db000,71003db0f0,71003db1a0,71003db1c0,71003db1d0,71003db1e0,71003db340,71003db360,71003db370,71003db390,71003db3a0,71003db630,71003db9a0,71003db9f0,71003dbb80,71003dbb90,71003dbd30,71003dbe10,71003dbf10,71003dbf40,71003dc000,71003dc010,71003dc210,71003dc5e0,71003dc770,71003dcbe0,71003de040,71003de270,71003dec40,71003dec80,71003decc0,71003def90,71003e0310,71003e22b0,71003e22c0,71003e3940,71003e3960,71003e4da0,71003e6350,71003e8070,71003e8080,71003e8ba0,71003e8bb0,71003e8bc0,71003e8bd0,71003e8be0,71003e8bf0,71003e8c00,71003e8c10
710019812c	71003e8c20
7100198200	71003db3a0,71003db8b0
7100198270	71003db000,71003db1a0,71003db340,71003db390,71003db470,71003db9a0,71003db9f0,71003dbb90,71003dbe10,71003dc000,71003dcbe0,71003def90,71003e0310,71003e22c0,71003e39a0,71003e8c20
71001987dc	71003db8b0
7100198870	71003db000,71003db0f0,71003db340,71003db360,71003db370,71003db390,71003db3a0,71003db9a0,71003db9f0,71003dbb80,71003dbb90,71003dcba0,71003e3960,71003e8c30,71003e8c40
7100198b7c	71003db8b0,71003e3960
7100198c1c	71003db0f0,71003db1a0,71003db200,71003db340,71003db360,71003db370,71003db390,71003db3a0,71003dbb80,71003dbb90,71003dcbe0,71003def90,71003df5a0,71003df7e0,71003e4c10,71003e4c30,71003e4c50,71003e8c50,71003e8c60
7100198e94	71003e0170
7100198f30	71003dafa0,71003dafe0,71003db000,71003db0f0,71003db1a0,71003db200,71003db220,71003db280,71003db290,71003db2c0,71003db2f0,71003db340,71003db360,71003db370,71003db390,71003db3a0,71003db3c0,71003db420,71003db640,71003db6b0,71003db8b0,71003db9a0,71003db9f0,71003dba80,71003dbb80,71003dbb90,71003ddf20,71003e0310,71003e39c0,71003e3bc0,71003e7fe0,71003e8c70,71003e8c80,71003e8c90,71003e8ca0,71003e8cb0,71003e8cc0
71001998a0	71003db340,71003e0170,71003e8cd0
7100199980	71000166ec,71000abac0,710019c3d0,710019c3d4,710019c3e0,71003dafe0,71003db000
7100199bd4	71003db340,71003e0170,71003e8ce0
7100199cc0	71003dafa0,71003dafd0,71003dafe0,71003db1a0,71003df9d0,71003e2510
710019a1bc	71003db920,71003e00f0
710019a1f4	71003e00f0
710019a1fc	71003db920,71003e00f0
710019a224	71003db920,71003e00f0
710019a248	71003e00f0
710019a250	71003db920,71003e00f0
710019a278	71003db920,71003e00f0
710019a29c	71003e00f0
710019a2a4	71003db920,71003e00f0
710019a2cc	71003db900,71003db910,71003db920
710019a324	71003db900,71003db910,71003db920
710019a37c	71003db900,71003db910,71003db920
710019a3d4	71003db900,71003db910,71003db920
710019a42c	71003db900,71003db910
710019a4a4	71003db900,71003db910,71003db920
710019a530	71003db900,71003db910,71003db920
710019a5b0	71003db900,71003db910,71003db920
710019a630	71003db900,71003db910,71003db920
710019a8ac	71003db8e0,71003dbba0,71003e3940
710019a968	71003db920,71003db9b0
710019a9ac	71003db8e0,71003dbba0,71003e0310
710019aa50	71003db920,71003db9b0
710019aa90	71003db000,71003db340,71003db3a0,71003db9a0
710019abf8	71003db920,71003db9b0
710019ac40	71003db390
710019aca0	71003db390,71003db920
710019ad0c	71003db9c0
710019ad2c	71003db9d0
710019ad38	71003db370
710019ad40	71003db920,71003db9b0
710019ad80	71003db000,71003db340,71003db9a0
710019af04	71003db920,71003db9b0
710019af50	71003db000,71003db340,71003db3a0,71003db9a0
710019b0b8	71003db920,71003db9b0
710019b100	71003db390
710019b160	71003db390,71003db920
710019b1cc	71003db9c0
710019b1ec	71003db9d0
710019b1f8	71003db370
710019b200	71003db920,71003db9b0
710019b240	71003db000,71003db340,71003db3a0,71003db9a0
710019b3a8	71003db920,71003db9b0
710019b3f0	71003db390
710019b450	71003db390,71003db920
710019b4bc	71003db9c0
710019b4dc	71003db9d0
710019b4e8	71003db370
710019b4f0	71003db920,71003db9b0
710019b530	71003db000,71003db340,71003db3a0,71003db9a0
710019b698	71003db920,71003db9b0
710019b6e0	71003db390
710019b740	71003db390,71003db920
710019b7ac	71003db9c0
710019b7cc	71003db9d0
710019b7d8	71003db370
710019b7e0	71003db920,71003db9b0
710019b820	71003db000,71003db340,71003db3a0,71003db9a0
710019b988	71003db920,71003db9b0
710019b9d0	71003db390
710019ba30	71003db390,71003db920
710019ba9c	71003db9c0
710019babc	71003db9d0
710019bac8	71003db370
710019bad0	71003db920,71003db9b0
710019bb10	71003db000,71003db340,71003db3a0,71003db9a0
710019bc78	71003db920,71003db9b0
710019bcc0	71003db390
710019bd20	71003db390,71003db920
710019bd8c	71003db9c0
710019bdac	71003db9d0
710019bdb8	71003db370
710019bdc0	71003db920,71003db9b0
710019be04	71003db290,71003db8e0,71003dbba0
710019bec4	71003db920,71003db9b0
710019bf04	71003db920,71003db9b0
710019bf50	71003db390
710019bfb0	71003db390,71003db920
710019c01c	71003db9c0
710019c050	71003db920,71003db9b0
710019c090	71003db000,71003db340,71003db3a0,71003db9a0
710019c1f8	71003db920,71003db9b0
710019c240	71003db390
710019c2a0	71003db390,71003db920
710019c30c	71003db9c0
710019c32c	71003db9d0
710019c338	71003db370
710019c340	71003db920,71003db9b0
710019c384	71003db9a0
710019c3d4	71003db920
710019c3e0	71000abac0,71003dafe0,71003db050,71003dcb20
710019c538	71003dafa0,71003e0170,71003e0180,71003e0190
710019c64c	71003db340,71003db640,71003db9f0,71003de3c0,71003de9d0,71003e3410
710019c830	71003db000,71003db340,71003db360,71003db370,71003db390,71003db3a0,71003db8b0,71003db9a0
710019c9f8	71003db880,71003db890,71003dbb90,71003dc000,71003dc860,71003dce20,71003e8d10,71003e8d30,71003e8d40,71003e8d50,71003e8d60,71003e8d70
710019cac8	71003daf10,71003daf60,71003db0f0,71003db170,71003db1a0,71003db2c0,71003db820,71003dbd60,71003dbde0,71003dbe10,71003dc000,71003dc010,71003dce20,71003ddf20,71003e3510,71003e39f0,71003e8d20
710019cd60	71003dafe0,71003db3a0,71003de160,71003df9a0,71003e06a0,71003e08e0,71003e1390,71003e4020,71003e4030
710019cf80	71003db0f0,71003db170,71003db2c0,71003db470,71003dbd60,71003dc000,71003dc010,71003dc860,71003dcd00,71003de2a0,71003de2e0,71003dfd70,71003dfe40,71003e01b0,71003e0470,71003e3730,71003e4fc0,71003e56b0,71003e61f0,71003e6200,71003e6210,71003e6250,71003e8d80,71003e8d90,71003e8da0
710019d278	71003db0f0,71003db340,71003db360,71003db370,71003db390,71003dbb80,71003dbd60,71003dbde0,71003dc210,71003dcca0,71003dcdb0,71003dcdc0,71003dcdd0,71003dcde0,71003dcdf0,71003dcf00,71003de3c0,71003deb20,71003deb80,71003e8340,71003e8db0
710019d550	71003db0f0,71003db340,71003db360,71003db370,71003db390,71003db3a0,71003dbb80,71003dbd60,71003dbde0,71003dbe60,71003dbf50,71003dc000,71003dc010,71003dc580,71003dc6d0,71003dcbb0,71003dcc50,71003dcd80,71003dcda0,71003de3c0,71003deb20,71003e3a20,71003e8db0,71003e8dc0
710019d8d0	71003db000,71003db340,71003db360,71003db370,71003db3a0,71003db8b0,71003db9a0
710019dab0	71003dafe0,71003e2100,71003e8de0
710019db40	71000166ec,710019efd0,71003dafe0,71003db000,71003df890,71003df9d0,71003dfa70,71003e25d0
710019dfe8	71003e2100,71003e8df0
710019e030	71003dafe0,71003df890,71003df9d0,71003dfa70,71003e2470,71003e25d0
710019e4e0	71003dafe0,71003e2100,71003e2110,71003e2120,71003e8df0
710019e60c	71003dafe0,71003dfa70
710019e690	71003dafe0,71003db900,71003db910,71003e01d0
710019e754	71003db920,71003e8e10
710019e784	71003e8e10
710019e78c	71003db920,71003e8e10
710019e7c0	71003db900,71003db910,71003db920
710019e8c8	71003db900,71003db910,71003db920
710019e9d8	71003db920,71003db9b0
710019ea20	71003db390
710019ea80	71003db390,71003db920
710019eaec	71003db9c0
710019eb20	71003db920,71003db9b0
710019eb60	71003db920,71003db9b0
710019eba0	71003db390
710019ec00	71003db390,71003db920
710019ec6c	71003db9c0
710019eca0	71003db920,71003db9b0
710019ece0	71003db000,71003db340,71003db3a0,71003db9a0
710019ee48	71003db920,71003db9b0
710019ee90	71003db390
710019eef0	71003db390,71003db920
710019ef5c	71003db9c0
710019ef7c	71003db9d0
710019ef88	71003db370
710019ef90	71003db920,71003db9b0
710019efd0	71000166ec,71003dafe0,71003db000,71003ddf10
710019f0f8	71003dafa0,71003db340,71003e0170,71003e3430,71003e8e30
710019f218	71003db1c0,71003db1d0,71003db1e0,71003db200,71003db640,71003db9f0,71003df4f0,71003e0020,71003e3160,71003e3170
710019f440	71001a1bd8,71003daf30,71003dafa0,71003db050,71003db200,71003db340,71003db8f0,71003db920,71003db9a0,71003dbfc0,71003dd290,71003df4f0,71003dfa30,71003e0170,71003e8e30
710019f700	71003dafa0,71003e0170,71003e8e30
710019f7d0	71003db000,71003db1a0,71003db2c0,71003db340,71003db360,71003db370,71003db390,71003db3a0,71003db3d0,71003db9a0,71003db9f0,71003dbb80,71003dbde0,71003e3ef0,71003e8e40,71003e8e50,71003e8e60
710019fb90	71003db000,71003db0f0,71003db1a0,71003db1c0,71003db1d0,71003db1e0,71003db2c0,71003db310,71003db340,71003db360,71003db370,71003db390,71003db3a0,71003db630,71003db640,71003db9a0,71003db9f0,71003dbb80,71003dbd30,71003dbd60,71003dbde0,71003dbe00,71003dbe20,71003dbfe0,71003dbff0,71003dc000,71003dc010,71003dc720,71003dcb00,71003dcb60,71003dcc50,71003dcca0,71003dcd00,71003dcd10,71003dcda0,71003dce20,71003dce30,71003de570,71003e0020,71003e1710,71003e26d0,71003e3a10,71003e3a20,71003e58f0,71003e5e90,71003e7db0,71003e8e70,71003e8e80,71003e8e90,71003e8ea0
71001a0bd4	71003dafa0,71003db340,71003e0170,71003e3160,71003e3430
71001a0cfc	71003db0f0,71003db340,71003db360,71003db370,71003db390,71003db3a0,71003db9f0,71003dbb80,71003dbb90,71003dbd30,71003dbde0,71003dc000,71003dc010,71003dc720,71003dcb00,71003dce20,71003e3510,71003e3f00,71003e7db0
71001a0f0c	71003dafa0,71003e0170,71003e0180,71003e0190
71001a0ff0	71003db000,71003db0f0,71003db2a0,71003db2c0,71003db340,71003db390,71003db3a0,71003db4c0,71003db800,71003db830,71003db880,71003db890,71003db9a0,71003db9f0,71003dbb90,71003dbd30,71003dbd60,71003dc000,71003dc010,71003dc860,71003dcd00,71003dce20,71003df8e0,71003dfa90,71003e3160,71003e3430,71003e3f00,71003e41e0,71003e53e0,71003e5c60,71003e6750,71003e8eb0,71003e8ec0,71003e8ed0
71001a1734	71003e01b0
71001a176c	71003db3a0
71001a1794	71003db3a0
71001a17bc	71003db900,71003db910
71001a1834	71003db900,71003db910,71003db920
71001a18b4	71003db900,71003db910
71001a192c	71003db900,71003db910,71003db920
71001a19ac	71003dafe0,71003db900,71003db910,71003e01d0
71001a1a58	71003dafe0,71003db900,71003db910,71003db920,71003e01d0
71001a1b18	71003dafe0,71003db900,71003db910,71003e01d0
71001a1bc4	71003e8ee0
71001a1bd8	7100007a40
71001a1bf0	71003db000,71003db340,71003db3a0,71003db9a0
71001a1d58	71003db920,71003db9b0
71001a1da0	71003db390
71001a1e00	71003db390,71003db920
71001a1e6c	71003db9c0
71001a1e8c	71003db9d0
71001a1e98	71003db370
71001a1ea0	71003db920,71003db9b0
71001a1ee0	71003db000,71003db340,71003db9a0
71001a2070	71003db8e0,71003dbba0,71003dbbb0
71001a2170	71003db920,71003db9b0
71001a21b0	71003db000,71003db340,71003db3a0,71003db9a0
71001a2318	71003db920,71003db9b0
71001a2360	71003db390
71001a23c0	71003db390,71003db920
71001a242c	71003db9c0
71001a244c	71003db9d0
71001a2458	71003db370
71001a2460	71003db920,71003db9b0
71001a24a4	71003db8e0,71003dbba0
71001a2550	71003db920,71003db9b0
71001a2590	71000309b0,71003dfcf0,71003dfd20,71003dfdf0
71001a26b8	7100061de0,71001a50e4,71001a50e8,71003dbd60,71003dfe20
71001a277c	71003e8f10
71001a278c	7100061de0,71001a50e4,71001a50e8,71003dbd60,71003dfe20
71001a2870	71003db470,71003dbd60,71003dd690,71003dfd40,71003dff30,71003e8f10
71001a2990	71003db470
71001a29c8	71003dbd60,71003e8f20
71001a2ca0	71003dbd60,71003e8f20
71001a2d40	71003dbe00
71001a2fa0	71003daf30,71003e1af0,71003e4ae0,71003e8f20,71003e8f40
71001a3154	71003dafa0,71003e0170,71003e0180,71003e0190
71001a323c	71003db1c0,71003db1d0,71003db1e0,71003db3a0,71003de160
71001a32dc	71003daf60
71001a3320	71003dafd0,71003dafe0,71003db1c0,71003db1d0,71003db1e0,71003db340,71003db360,71003db370,71003db390,71003db3a0,71003dbb80,71003dbb90,71003dcbc0,71003de160,71003e0b20,71003e13e0,71003e82c0,71003e8f70,71003e8f80,71003e8f90
71001a3600	7100061de0,71001a50e4,71001a50e8,71003dafe0,71003db0f0,71003db1c0,71003db1d0,71003db1e0,71003db340,71003db360,71003db370,71003db390,71003db3a0,71003db470,71003db640,71003db9f0,71003dbb80,71003dbd60,71003dbe20,71003dc000,71003dc860,71003dcd00,71003dce10,71003ddf20,71003de160,71003de2a0,71003dfe20,71003e0020,71003e01b0,71003e0470,71003e0b20,71003e13e0,71003e49d0,71003e56b0,71003e5920,71003e5ea0,71003e61f0,71003e6200,71003e6210,71003e6250,71003e6750,71003e6890,71003e68a0,71003e83f0,71003e8f30,71003e8f60,71003e8fb0,71003e8fc0
71001a3d00	7100061de0,71001a50e4,71001a50e8,71003db0f0,71003db470,71003dbd60,71003dbe20,71003dc000,71003dc010,71003dce20,71003dfd50,71003dfe20,71003dfe40
71001a3edc	71003e01b0
71001a3f10	71003db630,71003de0e0,71003de0f0
71001a3fac	71003e8f50
71001a3ff4	71003dafe0,71003db900,71003db910,71003e01d0
71001a40a0	71003e8fd0
71001a40a8	71003db920,71003e8fd0
71001a40cc	71003db920,71003e8fd0
71001a40f4	71003daf60,71003db0f0,71003db160,71003db1a0,71003db2c0,71003db2e0,71003db300,71003db340,71003db360,71003db370,71003db390,71003db3a0,71003db600,71003db630,71003db820,71003dbb80,71003dbb90,71003dc730,71003dcb00,71003dcce0,71003de0e0,71003de0f0,71003de190,71003dfe90,71003dfea0,71003e4ee0,71003e7ed0,71003e8fa0
71001a446c	71003dff40,71003e8f50
71001a44d4	71003dafe0,71003db900,71003db910,71003e01d0
71001a4580	71003e8fe0
71001a4588	71003db920,71003e8fe0
71001a45ac	71003db920,71003e8fe0
71001a45d4	71003db0f0,71003db170,71003db1a0,71003db2c0,71003db2e0,71003db300,71003db340,71003db360,71003db370,71003db390,71003db3a0,71003db480,71003db540,71003db600,71003db630,71003db700,71003dbb80,71003dbde0,71003dc000,71003dc010,71003dcc30,71003dce20,71003de0e0,71003de0f0,71003df8e0,71003dfe90,71003dfea0,71003e3f60,71003e4880,71003e4930,71003e4e30,71003e6890,71003e68a0,71003e8fa0,71003e8ff0
71001a4a00	71003dafe0,71003dfe00,71003e00f0
71001a4c40	71003db920,71003e9000
71001a4c64	71003e9000
71001a4c6c	71003db920,71003e9000
71001a4c94	71003e9000
71001a4c9c	71003db920,71003e9000
71001a4cc4	71003dafe0,71003db900,71003db910,71003e01d0
71001a4d70	71003dafe0,71003db900,71003db910,71003db920,71003e01d0
71001a4e34	71003dafe0,71003db900,71003db910,71003e01d0
71001a4ee0	71003e9010
71001a4f00	7100079750,71003dafd0,71003dafe0,71003db000
71001a5080	71003db9a0
71001a5110	71003db000,71003db340,71003db3a0,71003db9a0
71001a5278	71003db920,71003db9b0
71001a52c0	71003db390
71001a5320	71003db390,71003db920
71001a538c	71003db9c0
71001a53ac	71003db9d0
71001a53b8	71003db370
71001a53c0	71003db920,71003db9b0
71001a5400	71003db000,71003db340,71003db3a0,71003db9a0
71001a5568	71003db920,71003db9b0
71001a55b0	71003db390
71001a5610	71003db390,71003db920
71001a567c	71003db9c0
71001a569c	71003db9d0
71001a56a8	71003db370
71001a56b0	71003db920,71003db9b0
71001a56f0	71003dafa0,71003db1a0,71003db630,71003ddf10,71003e0170,71003e0180,71003e0190
71001a5c4c	71003e9050
71001a5c60	71003dafe0,71003db1c0,71003db1d0,71003db1e0,71003db620,71003db630,71003dcbe0,71003de160,71003de3d0,71003de930,71003def10,71003def40,71003e06a0,71003e0990,71003e13a0
71001a5f8c	71003df900
71001a5fc0	71003dafe0,71003db1c0,71003db1d0,71003db1e0,71003df900
71001a60c0	71003dafe0,71003db1c0,71003db1d0,71003db1e0,71003df900
71001a618c	71003dfa60
71001a6214	71003db1c0,71003db1d0,71003db1e0
71001a6280	71003dafe0,71003db1c0,71003db1d0,71003db1e0,71003df900
71001a6350	71003daf30,71003dafe0,71003db1a0,71003db1c0,71003db1d0,71003db1e0,71003db340,71003db3a0,71003dbe00,71003dc040,71003ddc40,71003df900,71003dfd30,71003e1af0,71003e1fe0,71003e3430,71003e4ae0
71001a6cb0	71003daf30,71003dafe0,71003db1c0,71003db1d0,71003db1e0,71003db340,71003dbe00,71003df900,71003dfd30,71003e1af0,71003e4ae0
71001a726c	71003db3a0,71003dbe00,71003df480
71001a7584	71003db0f0,71003db2c0,71003db2f0,71003db430,71003dbb80,71003e2280
71001a76a0	71003daf30,71003dc260
71001a76d4	71003db3a0,71003dfa20
71001a7798	71003e9040
71001a7800	71003e9040
71001a7888	71003e9040
71001a7910	71003dafe0,71003db1a0,71003db1c0,71003db1d0,71003db1e0,71003db2c0,71003db340,71003db360,71003db370,71003db390,71003db3a0,71003db420,71003db5e0,71003db600,71003db820,71003dbb80,71003dbb90,71003dc710,71003dc860,71003dcb00,71003dcb20,71003dcbb0,71003dcce0,71003dcda0,71003dce20,71003de190,71003de3c0,71003de3d0,71003de940,71003de9e0,71003df900,71003dfaf0,71003dfeb0,71003e3090,71003e30c0,71003e3510,71003e3c00,71003e41e0,71003e4ed0,71003e5480,71003e5ca0,71003e6890,71003e68a0,71003e80b0,71003e8240,71003e8ad0,71003e90f0,71003e9100,71003e9110,71003e9120,71003e9130
71001a7f90	71003daee0,71003daf10,71003daf20,71003daf30,71003daf40,71003daf60,71003daf70,71003daf80,71003dafb0,71003dafe0,71003db030,71003db040,71003db0a0,71003db0b0,71003db1c0,71003db1d0,71003db1e0,71003db340,71003db360,71003db370,71003db390,71003db3a0,71003db620,71003db630,71003dbb80,71003dbde0,71003dcbe0,71003de0e0,71003de0f0,71003de160,71003def10,71003def40,71003df850,71003df900,71003dfa20,71003dfe70,71003dfe90,71003dfeb0,71003e22c0,71003e2700,71003e3950,71003e3c00,71003e4e60,71003e50f0,71003e5140,71003e64b0,71003e64c0,71003e64e0,71003e64f0,71003e7d20,71003e7d30,71003e7e10,71003e7e30,71003e9070,71003e9140,71003e9150
71001a8be0	71003daed0,71003daf60,71003daf70,71003daf80,71003dafe0,71003db030,71003db040,71003db0a0,71003db0b0,71003db0e0,71003db0f0,71003db140,71003db1a0,71003db1c0,71003db1d0,71003db1e0,71003db2c0,71003db2f0,71003db340,71003db360,71003db370,71003db390,71003db3a0,71003db420,71003db430,71003db470,71003db620,71003db630,71003db880,71003db890,71003dbb80,71003dbe00,71003dc000,71003dc710,71003dc750,71003dc860,71003dcb00,71003dcbb0,71003dcbe0,71003dcca0,71003dcce0,71003de2c0,71003de3d0,71003de940,71003def10,71003def40,71003def60,71003def70,71003df480,71003df850,71003df8e0,71003df900,71003dfaf0,71003e2280,71003e26f0,71003e3960,71003e50f0,71003e5120,71003e5140,71003e53a0,71003e55c0,71003e5c40,71003e5d40,71003e64b0,71003e64c0,71003e64d0,71003e64e0,71003e64f0,71003e6750,71003e7d20,71003e7d30,71003e9070,71003e9080,71003e9090,71003e90c0,71003e9160,71003e9170,71003e9180,71003e9190,71003e91a0,71003e91b0,71003e91c0,71003e91d0,71003e91e0,71003e91f0,71003e9200,71003e9210,71003e9220,71003e9230,71003e9240,71003e9250,71003e9260
71001aa134	71003daf60,71003db0a0
71001aa25c	71003db360,71003db370,71003db3a0,71003dfea0
71001aa2d0	71003db340,71003db360,71003db370,71003db390,71003db3a0,71003db420,71003dbb80,71003de3c0,71003de9e0,71003e6890,71003e68a0,71003e80b0,71003e8240
71001aa4b4	71003e01b0
71001aa4ec	71003e01b0
71001aa520	71003db3a0
71001aa560	71003db3a0
71001aa5a0	71003e9040
71001aa5f8	71003e9040
71001aa670	71003e9040
71001aa6e8	71003db1a0,71003db2c0,71003db340,71003db360,71003db370,71003db390,71003db3a0,71003db420,71003db5e0,71003db600,71003db820,71003dbb80,71003dbb90,71003dc710,71003dcb00,71003dcb20,71003dcbb0,71003dcce0,71003dcda0,71003dce20,71003de190,71003dfaf0,71003dfeb0,71003e3090,71003e30c0,71003e3510,71003e3c00,71003e4ed0,71003e8ad0,71003e9270,71003e9280
71001aaa90	71003daee0,71003daf10,71003daf20,71003daf30,71003daf40,71003daf50,71003daf60,71003daf70,71003daf80,71003dafb0,71003dafe0,71003db030,71003db040,71003db0a0,71003db0b0,71003db1c0,71003db1d0,71003db1e0,71003db340,71003db360,71003db370,71003db390,71003db3a0,71003db620,71003db630,71003dbb80,71003dbde0,71003dcbe0,71003de0e0,71003de0f0,71003de160,71003def10,71003def40,71003df850,71003df900,71003dfa20,71003dfe70,71003dfe90,71003dfeb0,71003e22c0,71003e2700,71003e3950,71003e3c00,71003e4e60,71003e50f0,71003e5140,71003e64b0,71003e64c0,71003e64e0,71003e64f0,71003e7d20,71003e7d30,71003e7e10,71003e7e30,71003e9070,71003e9140,71003e9290
71001ab7f0	71003daed0,71003daf60,71003daf70,71003daf80,71003dafe0,71003db030,71003db040,71003db0a0,71003db0b0,71003db0e0,71003db0f0,71003db140,71003db1a0,71003db1c0,71003db1d0,71003db1e0,71003db2c0,71003db2f0,71003db340,71003db360,71003db370,71003db390,71003db3a0,71003db420,71003db430,71003db470,71003db620,71003db630,71003db880,71003db890,71003dbb80,71003dbe00,71003dc000,71003dc710,71003dc750,71003dc860,71003dcb00,71003dcbb0,71003dcbe0,71003dcca0,71003de2c0,71003de3d0,71003de940,71003def10,71003def40,71003df480,71003df850,71003df8e0,71003df900,71003dfaf0,71003e2280,71003e26f0,71003e3960,71003e50f0,71003e5120,71003e5140,71003e53a0,71003e55c0,71003e5c40,71003e5d40,71003e64b0,71003e64c0,71003e64d0,71003e64e0,71003e64f0,71003e6750,71003e7d20,71003e7d30,71003e9070,71003e9080,71003e9090,71003e90c0,71003e9170,71003e9180,71003e9190,71003e91a0,71003e91d0,71003e91e0,71003e91f0,71003e9220,71003e9230,71003e9240,71003e9250,71003e9260,71003e92a0,71003e92b0
71001acd70	71003daf60,71003db0a0
71001acea0	71003db340,71003db360,71003db370,71003db390,71003db3a0,71003db420,71003dbb80,71003de3c0,71003de9e0,71003e6890,71003e68a0,71003e80b0,71003e8240
71001ad084	71003e01b0
71001ad0bc	71003e01b0
71001ad0f0	71003db3a0
71001ad130	71003db3a0
71001ad170	71003db920,71003e92c0
71001ad1a0	71003e92c0
71001ad1a8	71003db920,71003e92c0
71001ad1e0	71003dafe0,71003db900,71003db910,71003e01d0
71001ad6c8	71003db920,71003e92c0
71001ad6f8	71003e92c0
71001ad700	71003db920,71003e92c0
71001ad738	71003dafa0,71003e0170
71001ad7f0	71003dafa0,71003db000,71003db0f0,71003db340,71003db390,71003db470,71003db9a0,71003e3af0,71003e3b00
71001ad9c0	71003dafa0,71003db000,71003db0f0,71003db340,71003db390,71003db470,71003db9a0,71003dc0a0,71003e3af0,71003e3b00
71001adbbc	71003daec0,71003daf30,71003daf60,71003db3a0,71003db460,71003dc000,71003dc010,71003dce20,71003de0e0,71003df9b0,71003e3a20,71003e6370
71001add40	71003dafa0,71003de3c0,71003de9f0,71003e0170,71003e4090
71001ade2c	71003db3a0,71003dbb90,71003dc000,71003dc010,71003dc0a0,71003dce20,71003df9b0,71003e3af0,71003e3f80,71003e9340,71003e9360
71001adf5c	71003dafa0,71003de3c0,71003de9f0,71003e0170,71003e4090
71001ae090	71003dafa0,71003e0170
71001ae16c	71003db0f0,71003db170,71003db1a0,71003db2c0,71003db340,71003db390,71003db600,71003db6f0,71003db9f0,71003dbd30,71003dbe00,71003dbfb0,71003dc000,71003dc010,71003dc0a0,71003dcd00,71003e22c0,71003e3420,71003e3430,71003e3af0,71003e3b00,71003e7db0
71001ae6d0	71003dafa0,71003de3c0,71003de9f0,71003e0170,71003e4090
71001ae7a4	71003db3a0,71003dbb90,71003dc000,71003dc010,71003df9b0,71003e3f80,71003e9340,71003e9360
71001ae874	71003dafa0,71003de3c0,71003de9f0,71003e0170,71003e4090
71001ae948	71003db3a0,71003dbb90,71003dc000,71003dc010,71003df9b0,71003e3f80,71003e9340,71003e9360
71001aea18	71003dafa0,71003de3c0,71003de9f0,71003e0170,71003e4090
71001aeaec	71003db3a0,71003dbb90,71003dc000,71003dc010,71003df9b0,71003e3f80,71003e9340,71003e9360
71001aebbc	71003dafa0,71003de3c0,71003de9f0,71003e0170,71003e4090
71001aec90	71003db3a0,71003dbb90,71003dc000,71003dc010,71003df9b0,71003e3f80,71003e9340,71003e9360
71001aed60	71003dafa0,71003de3c0,71003de9f0,71003e0170,71003e4090
71001aee34	71003db3a0,71003dbb90,71003dc000,71003dc010,71003df9b0,71003e3f80,71003e9340,71003e9360
71001aef04	71003dafa0,71003de3c0,71003de9f0,71003e0170,71003e4090
71001af000	71003db3a0,71003dbb90,71003dc000,71003dc010,71003e3f80,71003e9340,71003e9390
71001af0c8	71003db0f0,71003db170,71003db1a0,71003db2c0,71003db390,71003db3a0,71003db460,71003db470,71003db480,71003db4f0,71003db6d0,71003db9f0,71003dbb80,71003dbd30,71003dc000,71003dc010,71003dc0a0,71003dccf0,71003e39e0,71003e3af0,71003e3b00,71003e3f80,71003e7db0
71001af490	71003db3a0,71003dc000,71003dc010,71003e3f80,71003e9340
71001af52c	71003dafa0,71003e0170
71001af620	71003db0f0,71003dc0a0
71001af6d0	71000c6844,71003db000,71003db0f0,71003db1a0,71003db280,71003db2c0,71003db2f0,71003db340,71003db360,71003db370,71003db390,71003db3a0,71003db460,71003db470,71003db480,71003db4f0,71003db600,71003db6d0,71003db6f0,71003db9a0,71003db9f0,71003dbb80,71003dbe00,71003dbe10,71003dc000,71003dc010,71003dc0a0,71003dc6f0,71003dcae0,71003dcb00,71003dccf0,71003dd860,71003dfd30,71003e22c0,71003e3430,71003e3960,71003e39c0,71003e3af0,71003e3b00,71003e3bd0,71003e4d50,71003e7b70
71001b0590	71003dafa0,71003dafe0,71003ddf20,71003de3c0,71003de9f0,71003e0170,71003e3b70,71003e4090
71001b072c	71003dbb90,71003e93a0
71001b0740	71003dafa0,71003de3c0,71003de9f0,71003deb20,71003e0170,71003e4090
71001b08ac	71003dbb90,71003e93a0
71001b08c0	71003dafa0,71003dafe0,71003ddf20,71003de3c0,71003de9f0,71003e0170,71003e3b70,71003e4090
71001b0a10	71003db000,71003db0f0,71003db1a0,71003db200,71003db220,71003db280,71003db290,71003db2c0,71003db2f0,71003db340,71003db360,71003db370,71003db390,71003db3a0,71003db3c0,71003db460,71003db470,71003db600,71003db640,71003db6d0,71003db6f0,71003db8b0,71003db9a0,71003db9f0,71003dba80,71003dbb80,71003dbb90,71003dbe10,71003dc000,71003dc010,71003dc0a0,71003dc1a0,71003dc210,71003dc6f0,71003dcae0,71003dcb00,71003dcbe0,71003dccf0,71003dcd00,71003dce20,71003dd860,71003def90,71003df5a0,71003df5c0,71003df7e0,71003df880,71003e0310,71003e21f0,71003e3960,71003e39c0,71003e3af0,71003e3b00,71003e3bd0,71003e4c10,71003e4c30,71003e4c50,71003e4d50,71003e7fe0,71003e8c10,71003e8ca0,71003e93c0,71003e93d0
71001b20bc	71003dafa0,71003de3c0,71003de9f0,71003deb20,71003e0170,71003e4090
71001b21b0	71003db0f0,71003db170,71003db1a0,71003db280,71003db2c0,71003db2f0,71003db340,71003db360,71003db370,71003db390,71003db3a0,71003db9f0,71003dbb80,71003dbb90,71003dc000,71003dc010,71003dc7a0,71003dfe80,71003e8cf0,71003e9340,71003e93e0
71001b23fc	71003dafa0,71003de3c0,71003de9f0,71003e0170,71003e4090
71001b24d0	71003db0f0,71003db170,71003db1a0,71003db280,71003db2c0,71003db2f0,71003db340,71003db360,71003db370,71003db390,71003db3a0,71003db9f0,71003dbb80,71003dbb90,71003dc000,71003dc010,71003dc6f0,71003dc7a0,71003dcb00,71003dfe80,71003e8d00,71003e9340,71003e93c0,71003e93d0,71003e93f0
71001b2828	71003dafa0,71003de3c0,71003de9f0,71003e0170,71003e4090
71001b2920	71001c2e10,71001c2e14,71001c2e20,71003dafe0,71003db3a0,71003ddf20,71003df9d0
71001b2b28	71001c2e10,71001c2e14,71001c2e20
71001b2be0	71003db000,71003db0f0,71003db170,71003db1a0,71003db200,71003db220,71003db290,71003db2c0,71003db2f0,71003db340,71003db360,71003db370,71003db390,71003db3a0,71003db3c0,71003db460,71003db470,71003db600,71003db6f0,71003db8b0,71003db9a0,71003db9f0,71003dba80,71003dbb80,71003dbb90,71003dbe10,71003dbf10,71003dbf40,71003dc000,71003dc010,71003dc0a0,71003dc210,71003dcae0,71003dcbe0,71003dd860,71003de040,71003dec40,71003dec80,71003decc0,71003def90,71003df5a0,71003df5c0,71003df7e0,71003e0310,71003e3420,71003e3960,71003e39c0,71003e3af0,71003e3b00,71003e4c10,71003e4c30,71003e4c50,71003e4d50,71003e6350,71003e8070,71003e8080,71003e8ba0,71003e8bb0,71003e8bd0,71003e8be0,71003e8bf0,71003e8c00,71003e9400
71001b4654	71003dafa0,71003de3c0,71003de9f0,71003e0170,71003e4090
71001b4728	71003db3a0,71003dbb90,71003e3f00
71001b4768	71003dafa0,71003de3c0,71003de9f0,71003deb20,71003e0170,71003e4090
71001b4910	71003db000,71003db0f0,71003db170,71003db180,71003db1a0,71003db200,71003db2c0,71003db340,71003db360,71003db370,71003db390,71003db3a0,71003db460,71003db480,71003db4f0,71003db600,71003db640,71003db6d0,71003db6f0,71003db9a0,71003db9f0,71003dbb80,71003dbb90,71003dbd00,71003dbd10,71003dbd30,71003dbe10,71003dc000,71003dc010,71003dc030,71003dc0a0,71003dcbe0,71003dccf0,71003dcd00,71003dce20,71003dd860,71003ddf20,71003def90,71003df450,71003df5a0,71003df5c0,71003df7e0,71003df8e0,71003dfa20,71003e3160,71003e3340,71003e3430,71003e3980,71003e39d0,71003e3af0,71003e3b00,71003e3b80,71003e3b90,71003e3f00,71003e4c10,71003e4c30,71003e4c50,71003e4c60,71003e4ca0,71003e5ac0,71003e5f40,71003e6890,71003e68a0,71003e6d40,71003e79f0,71003e7db0,71003e8310,71003e9410,71003e9420,71003e9430,71003e9440
71001b6680	71003dafa0,71003de3c0,71003de9f0,71003deb20,71003e0170,71003e4090
71001b6774	71003db340,71003db360,71003db370,71003db390,71003db3a0,71003dbb80,71003dbb90,71003dc000,71003dc010,71003e84b0,71003e84c0,71003e9340
71001b68a4	71003dafa0,71003e0170
71001b69a0	71003daf60,71003dafa0,71003dafe0,71003db000,71003db0f0,71003db170,71003db180,71003db1a0,71003db280,71003db2a0,71003db2c0,71003db2f0,71003db340,71003db360,71003db370,71003db390,71003db3a0,71003db460,71003db470,71003db480,71003db4f0,71003db600,71003db640,71003db690,71003db6d0,71003db6f0,71003db9f0,71003dbb80,71003dbd30,71003dbe00,71003dbe10,71003dc000,71003dc010,71003dc030,71003dc1a0,71003dc6f0,71003dcb00,71003dcb60,71003dcbd0,71003dccf0,71003dd6c0,71003dd860,71003de270,71003e0310,71003e2270,71003e3510,71003e3930,71003e3980,71003e39d0,71003e3a20,71003e3af0,71003e3b00,71003e3b80,71003e4930,71003e49d0,71003e4ca0,71003e5920,71003e5ac0,71003e5ea0,71003e5f40,71003e6750,71003e79f0,71003e7db0,71003e8310,71003e8320,71003e83f0,71003e9410,71003e9420,71003e9430,71003e9440
71001b88d0	71003de3c0,71003de9f0,71003e4090,71003e9450
71001b8990	71003db340,71003db360,71003db370,71003db390,71003db3a0,71003dbb80,71003dbb90,71003e8380,71003e8430,71003e9460
71001b8a70	71003dafa0,71003de470,71003de480,71003e0170
71001b8b70	71003db340,71003db360,71003db370,71003db390,71003db3a0,71003dbb80,71003dbb90,71003e8390,71003e8450
71001b8c34	71003de3c0,71003de9f0,71003deb20,71003e4090,71003e9450
71001b8d0c	71003db340,71003db360,71003db370,71003db390,71003db3a0,71003dbb80,71003dbb90,71003e83a0,71003e8440,71003e9460
71001b8de8	71003dafa0,71003de470,71003de480,71003e0170
71001b8ee8	71003db340,71003db360,71003db370,71003db390,71003db3a0,71003dbb80,71003dbb90,71003e83b0,71003e8460
71001b8fac	71003dafa0,71003de3c0,71003de9f0,71003e0170,71003e4090
71001b90a0	71003daf60,71003dafe0,71003db0f0,71003db170,71003db1a0,71003db1c0,71003db1d0,71003db1e0,71003db200,71003db280,71003db2a0,71003db2c0,71003db2e0,71003db2f0,71003db340,71003db360,71003db370,71003db390,71003db3a0,71003db460,71003db480,71003db4f0,71003db5e0,71003db600,71003db6b0,71003db6f0,71003dbb80,71003dbb90,71003dbd60,71003dbdc0,71003dbde0,71003dc000,71003dc010,71003dcb40,71003dcb60,71003dcb90,71003dd720,71003dde20,71003ddf20,71003de0e0,71003de0f0,71003de320,71003de730,71003df4c0,71003df4d0,71003e22c0,71003e2540,71003e2570,71003e2580,71003e25a0,71003e2a30,71003e2a40,71003e2d10,71003e2d50,71003e2d60,71003e3420,71003e3af0,71003e3b00,71003e4c60,71003e4ca0,71003e6b80,71003e6d30,71003e9340,71003e9470,71003e9480,71003e9490,71003e94a0,71003e94b0
71001ba7c0	71003dcb40,71003dcb90,71003e2570,71003e6d30
71001ba960	71003dafa0,71003de3c0,71003de9f0,71003e0170,71003e4090
71001baab0	71003dafe0,71003db1c0,71003db1d0,71003db1e0,71003db3a0,71003dcbe0,71003def40,71003df850,71003df900
71001bad40	71003daf40,71003daf60,71003daf70,71003daf80,71003dafe0,71003db000,71003db030,71003db040,71003db0b0,71003db0f0,71003db140,71003db170,71003db1a0,71003db1c0,71003db1d0,71003db1e0,71003db280,71003db2c0,71003db340,71003db360,71003db370,71003db390,71003db3a0,71003db600,71003db620,71003db630,71003db9a0,71003dbb80,71003dbb90,71003dbdc0,71003dbde0,71003dc000,71003dc010,71003dc0a0,71003dc860,71003dcb60,71003dcbe0,71003dcca0,71003dcda0,71003dd720,71003dde20,71003ddf20,71003de0e0,71003de0f0,71003de190,71003de290,71003de3c0,71003de3d0,71003de570,71003de940,71003de9e0,71003def10,71003def40,71003df8e0,71003df900,71003dfaf0,71003dfe90,71003dfea0,71003e1710,71003e26d0,71003e2980,71003e3af0,71003e3b00,71003e41e0,71003e50f0,71003e5140,71003e5480,71003e5ca0,71003e64b0,71003e64c0,71003e64e0,71003e64f0,71003e6750,71003e6890,71003e7d20,71003e7d30,71003e7e20,71003e80b0,71003e8240,71003e90f0,71003e9100,71003e9110,71003e94c0,71003e94d0
71001bbef4	71003daf60,71003db0a0,71003db0c0,71003db340,71003e3430
71001bbffc	71003dafa0,71003dafe0,71003ddf20,71003de3c0,71003de9f0,71003e0170,71003e3b70,71003e4090
71001bc210	71003daf60,71003db0c0,71003db0e0,71003db0f0,71003db140,71003db170,71003db1a0,71003db2c0,71003db300,71003db340,71003db360,71003db370,71003db390,71003db3a0,71003db400,71003db480,71003db4c0,71003db4f0,71003db600,71003db630,71003db6d0,71003db6e0,71003db6f0,71003db770,71003dbb80,71003dbb90,71003dbd60,71003dbde0,71003dbe10,71003dc000,71003dc010,71003dcb60,71003dccf0,71003dce20,71003dd720,71003dde20,71003e1710,71003e29f0,71003e3430,71003e3a20,71003e3af0,71003e3b00,71003e6d40,71003e94e0,71003e94f0,71003e9500
71001bcc0c	71003dafa0,71003de3c0,71003de9f0,71003deb20,71003e0170,71003e4090
71001bcd30	71003dafe0,71003db000,71003db0f0,71003db170,71003db1a0,71003db2c0,71003db340,71003db360,71003db370,71003db390,71003db460,71003db600,71003db740,71003dbb80,71003dbb90,71003dbde0,71003dbe10,71003dc000,71003dc010,71003dce20,71003dd720,71003dde20,71003dfdc0,71003dfdd0,71003e3510,71003e3af0,71003e3b00,71003e9510,71003e9520,71003e9530
71001bd154	71003dafa0,71003de3c0,71003de9f0,71003deb20,71003e0170,71003e4090
71001bd310	7100079750,71003dafe0,71003db000,71003db050,71003ddf20,71003de160,71003e06a0,71003e0b40,71003e0b80,71003e13f0
71001bd654	71003dcca0,71003e4530,71003e9550,71003e9560
71001bd6e0	71003db1a0,71003db200,71003db2c0,71003db310,71003db340,71003db3a0,71003db460,71003dbde0,71003dbfe0,71003dbff0,71003dc000,71003dce20,71003dd720,71003dde20,71003df4e0,71003df4f0,71003e3140,71003e3420
71001bdd60	71003dafe0,71003db0f0,71003db340,71003db360,71003db370,71003db390,71003db3a0,71003db460,71003db9f0,71003dbb80,71003dbb90,71003dbd30,71003dbde0,71003dbe10,71003dc000,71003dc0a0,71003dcd00,71003df8e0,71003e3160,71003e3340,71003e3430,71003e6890,71003e68a0,71003e9540
71001be220	71003dafa0,71003de3c0,71003de9f0,71003e0170,71003e4090
71001be380	71003db0f0,71003db170,71003db1a0,71003db2c0,71003db340,71003db360,71003db370,71003db390,71003db3a0,71003db600,71003db6f0,71003db9f0,71003dbb80,71003dbb90,71003dbd30,71003dbe00,71003dbe10,71003dc000,71003dc010,71003dcd00,71003dce20,71003dd860,71003e3410,71003e3420,71003e3af0,71003e3b00,71003e6840,71003e6850,71003e9570
71001be9f0	71003dafa0,71003de3c0,71003de9f0,71003e0170,71003e4090
71001beafc	71003e9580,71003e9590
71001beb10	71003db0f0,71003db170,71003db180,71003db1a0,71003db2c0,71003db390,71003db3a0,71003db480,71003db4f0,71003db5e0,71003db600,71003db6d0,71003db6f0,71003db9f0,71003dbb80,71003dbb90,71003dbd30,71003dbe10,71003dc000,71003dc010,71003dc030,71003dccf0,71003dcd00,71003dce20,71003e3980,71003e39d0,71003e3af0,71003e3b00,71003e3b80,71003e3b90,71003e3f80,71003e4c60,71003e4ca0,71003e5ac0,71003e5f40,71003e6d40,71003e79f0,71003e7db0,71003e8310,71003e9410,71003e9420,71003e9430,71003e9440,71003e95a0
71001bf38c	71003db3a0,71003dbb90,71003dc000,71003dc010,71003dce20,71003e3af0,71003e3f80,71003e9350
71001bf468	71003dafa0,71003de3c0,71003de9f0,71003e0170,71003e4090
71001bf5a0	71003dafa0,71003de3c0,71003de9f0,71003e0170,71003e4090
71001bf700	7100007a10,71000539bc,71003dafa0,71003dafe0,71003db000,71003db0f0,71003db170,71003db180,71003db1a0,71003db2c0,71003db340,71003db390,71003db3a0,71003db480,71003db4c0,71003db4f0,71003db600,71003db6d0,71003db6f0,71003db710,71003db9f0,71003dbb80,71003dbb90,71003dbd30,71003dbe10,71003dc000,71003dc010,71003dc030,71003dccf0,71003dcd00,71003dce20,71003de270,71003e3430,71003e3980,71003e39d0,71003e3af0,71003e3b00,71003e3b80,71003e3b90,71003e3f80,71003e4c60,71003e4ca0,71003e4cd0,71003e5ac0,71003e5f40,71003e6d40,71003e79f0,71003e7db0,71003e8310,71003e9410,71003e9430,71003e9440,71003e95a0,71003e95b0,71003e95c0
71001c07ec	71003db900,71003db910,71003db920
71001c0844	71003db900,71003db910
71001c08d4	71003db900,71003db910,71003db920
71001c096c	71003db900,71003db910,71003db920
71001c09c4	71003db900,71003db910,71003db920
71001c0a1c	71003db900,71003db910,71003db920
71001c0a74	71003db900,71003db910,71003db920
71001c0acc	71003db900,71003db910,71003db920
71001c0b24	71003db900,71003db910,71003db920
71001c0b7c	71003db900,71003db910
71001c0c0c	71003db900,71003db910,71003db920
71001c0ca4	71003db900,71003db910,71003db920
71001c0d3c	71003db900,71003db910,71003db920
71001c0d94	71003db900,71003db910,71003db920
71001c0dec	71003db900,71003db910,71003db920
71001c0e44	71003db900,71003db910
71001c0ebc	71003db900,71003db910,71003db920
71001c0f3c	71003db900,71003db910,71003db920
71001c0f94	71003db900,71003db910
71001c103c	71003db900,71003db910,71003db920
71001c10ec	71003db900,71003db910,71003db920
71001c1144	71003db900,71003db910,71003db920
71001c119c	71003db900,71003db910,71003db920
71001c11f4	71003db900,71003db910,71003db920
71001c124c	71003db900,71003db910,71003db920
71001c12a4	71003db900,71003db910
71001c131c	71003db900,71003db910,71003db920
71001c139c	71003db900,71003db910
71001c142c	71003db900,71003db910,71003db920
71001c14c4	71003db900,71003db910
71001c1554	71003db900,71003db910,71003db920
71001c15ec	71003db900,71003db910,71003db920
71001c1644	71003db900,71003db910
71001c1704	71003db900,71003db910,71003db920
71001c17cc	71003db900,71003db910
71001c1874	71003db900,71003db910,71003db920
71001c1924	71003db900,71003db910,71003db920
71001c197c	71003db900,71003db910,71003db920
71001c1a14	71003db900,71003db910
71001c1abc	71003db900,71003db910,71003db920
71001c1b6c	71003db900,71003db910,71003db920
71001c1bc4	71003db900,71003db910,71003db920
71001c1c5c	71003db900,71003db910,71003db920
71001c1cb4	71003db900,71003db910,71003db920
71001c1d4c	71003db900,71003db910,71003db920
71001c1fc8	71003db900,71003db910,71003db920
71001c2240	71003db3a0
71001c2370	71003db000,71003db340,71003db3a0,71003db9a0
71001c24d8	71003db920,71003db9b0
71001c2520	71003db390
71001c2580	71003db390,71003db920
71001c25ec	71003db9c0
71001c260c	71003db9d0
71001c2618	71003db370
71001c2620	71003db920,71003db9b0
71001c2660	71003db920,71003db9b0
71001c26a0	71003db390
71001c2700	71003db390,71003db920
71001c276c	71003db9c0
71001c27a0	71003db920,71003db9b0
71001c27e0	71003db000,71003db340,71003db3a0,71003db9a0
71001c2948	71003db920,71003db9b0
71001c2990	71003db390
71001c29f0	71003db390,71003db920
71001c2a5c	71003db9c0
71001c2a7c	71003db9d0
71001c2a88	71003db370
71001c2a90	71003db920,71003db9b0
71001c2ad0	71003db000,71003db340,71003db3a0,71003db9a0
71001c2c38	71003db920,71003db9b0
71001c2c80	71003db390
71001c2ce0	71003db390,71003db920
71001c2d4c	71003db9c0
71001c2d6c	71003db9d0
71001c2d78	71003db370
71001c2d80	71003db920,71003db9b0
71001c2dc4	71003db9a0
71001c2e14	71003db920
71001c2e20	71000abac0,71003dafe0,71003db050,71003dcb20
71001c2f74	71003db920,71003db9b0
71001c2fc0	71003db390
71001c3020	71003db390,71003db920
71001c308c	71003db9c0
71001c30c0	71003db920,71003db9b0
71001c3100	71003db000,71003db340,71003db3a0,71003db9a0
71001c3268	71003db920,71003db9b0
71001c32b0	71003db390
71001c3310	71003db390,71003db920
71001c337c	71003db9c0
71001c339c	71003db9d0
71001c33a8	71003db370
71001c33b0	71003db920,71003db9b0
71001c33f0	71003db000,71003db340,71003db3a0,71003db9a0
71001c3558	71003db920,71003db9b0
71001c35a0	71003db390
71001c3600	71003db390,71003db920
71001c366c	71003db9c0
71001c368c	71003db9d0
71001c3698	71003db370
71001c36a0	71003db920,71003db9b0
71001c36e0	71003db000,71003db340,71003db3a0,71003db9a0
71001c3848	71003db920,71003db9b0
71001c3890	71003db390
71001c38f0	71003db390,71003db920
71001c395c	71003db9c0
71001c397c	71003db9d0
71001c3988	71003db370
71001c3990	71003db920,71003db9b0
71001c39d0	71003db000,71003db340,71003db9a0
71001c3b60	71003db8e0,71003dbba0,71003dbbb0
71001c3c78	71003db920,71003db9b0
71001c3cb8	71003ddf10,71003e0170,71003e4a90
71001c3e30	71003dafe0,71003db900,71003db910,71003e4910
71001c4040	71003db920,71003e97a0
71001c4070	710003bb28,71000cd42c,71001dcc64,71001dcc68,71003daf30,71003dafa0,71003dafe0,71003db000,71003db1c0,71003db1d0,71003db1e0,71003db340,71003db360,71003db390,71003db3a0,71003db630,71003db640,71003db650,71003dc000,71003dc260,71003dcc30,71003dcc60,71003dcda0,71003dce20,71003df770,71003dfa30,71003dfd30,71003dfdc0,71003dfdd0,71003e0310,71003e1800,71003e2980,71003e3500,71003e3960,71003e39b0,71003e3b10,71003e3cb0,71003e3cc0,71003e7f30,71003e97c0
71001c5090	71003db470,71003e2e20,71003e2ee0,71003e3090,71003e30c0
71001c520c	71003db170,71003db2c0,71003e3090,71003e3b20,71003e3b90,71003e4e30
71001c535c	71003db340,71003db360,71003db370,71003db390,71003dc280,71003dc290,71003dc460,71003e69d0
71001c5470	71003db000,71003db340,71003db360,71003db370,71003db390,71003db3a0,71003db9a0,71003e0170
71001c56a0	71003db000,71003db340,71003db360,71003db370,71003db390,71003db3a0,71003db9a0,71003e0170
71001c5890	71003db000,71003db340,71003db360,71003db370,71003db390,71003db3a0,71003db9a0,71003e0170
71001c5a78	71003daf60,71003db0a0,71003e3340
71001c5ea8	71003e3090
71001c5ec8	71003dafa0,71003db1a0,71003e9780
71001c60d4	71003db170,71003db1a0,71003db200,71003db210,71003db2c0,71003db2f0,71003db630,71003dcbb0,71003dccf0,71003df410,71003e0310,71003e3090,71003e3b20,71003e3b90,71003e4e30,71003e7fd0,71003e9810,71003e9820
71001c6360	71003daf60,71003db0f0,71003db1a0,71003db1c0,71003db1d0,71003db1e0,71003db2e0,71003db3a0,71003db480,71003db4c0,71003db600,71003db630,71003db880,71003db890,71003dbb90,71003dbde0,71003dcca0,71003ddf20,71003de090,71003de160,71003de210,71003df210,71003df9a0,71003e3960,71003e3ab0,71003e6750,71003e9830,71003e9840,71003e9850,71003e9860,71003e9870,71003e9880,71003e9890,71003e98a0
71001c67d0	71003dafe0,71003db000,71003db0f0,71003db160,71003db1a0,71003db200,71003db220,71003db2c0,71003db2f0,71003db330,71003db340,71003db360,71003db370,71003db390,71003db3a0,71003db3c0,71003db420,71003db4f0,71003db630,71003db8b0,71003db9f0,71003dbb80,71003dbde0,71003dbe00,71003dbe10,71003dbed0,71003dc000,71003dc250,71003dc270,71003dc280,71003dc290,71003dc410,71003dc460,71003dc730,71003dcb00,71003dcb20,71003dcb60,71003dcbb0,71003dcbc0,71003dcc60,71003dcce0,71003df410,71003dfdc0,71003dfdd0,71003e0120,71003e2280,71003e22a0,71003e2570,71003e25a0,71003e26d0,71003e28f0,71003e29f0,71003e3090,71003e3530,71003e3960,71003e3b80,71003e47d0,71003e49e0,71003e4ee0,71003e69d0,71003e6bc0,71003e7b50,71003e7ed0,71003e98b0,71003e98c0,71003e98d0
71001c7a30	71003daf10,71003daf60,71003db000,71003db0a0,71003db0f0,71003db140,71003db1c0,71003db1d0,71003db1e0,71003db2a0,71003db2c0,71003db340,71003db360,71003db370,71003db390,71003db3a0,71003db3d0,71003db470,71003db630,71003db820,71003db8b0,71003db9a0,71003db9f0,71003dbb80,71003dc000,71003dc210,71003dcb60,71003dcc50,71003dcc60,71003ddf20,71003e3340,71003e3510,71003e7fe0,71003e9800,71003e98e0,71003e98f0
71001c85d0	71003daf60,71003db0a0,71003db0f0,71003db1c0,71003db1d0,71003db1e0,71003db340,71003db360,71003db370,71003db390,71003db3a0,71003db460,71003db470,71003db9f0,71003dbb80,71003dbc50,71003dbc60,71003dbc70,71003dbd30,71003dbe20,71003dbf40,71003dc000,71003dc010,71003dc970,71003dca10,71003dca20,71003dcb60,71003dcbb0,71003dcd20,71003de090,71003de3c0,71003deb80,71003df200,71003df850,71003df9a0,71003e3340,71003e5300,71003e5c10,71003e8080,71003e8b50,71003e9800,71003e9900,71003e9910,71003e9920,71003e9930
71001c92e8	71003daf60,71003db0a0,71003db0f0,71003db2a0,71003db2c0,71003db340,71003db360,71003db370,71003db390,71003db3a0,71003db4c0,71003db7b0,71003dbb80,71003e3340,71003e3960,71003e6840,71003e6850
71001c9634	71001de5b4,71001de5e8,71001de600,71001de604,71001de6b4,71001de700,71001de704,71003db2a0,71003db2c0,71003db480,71003db4f0,71003db630,71003db9f0,71003dcc30,71003e0310,71003e3960,71003e5300,71003e5c10,71003e8b40,71003e8b50,71003e8b60,71003e9900,71003e9940
71001c9a50	71003db2a0,71003db2c0,71003dbb80,71003dcc30,71003e0310,71003e3510,71003e9950,71003e9960,71003e9970,71003e9980,71003e9990,71003e99a0,71003e99b0,71003e99c0
71001c9c20	71001cbf60,71003daf60,71003dafa0,71003db0a0,71003db0f0,71003db1a0,71003db1c0,71003db1d0,71003db1e0,71003db200,71003db220,71003db340,71003db360,71003db370,71003db390,71003db3a0,71003db460,71003db480,71003db4c0,71003db4e0,71003db4f0,71003db600,71003db630,71003db770,71003db8b0,71003db9f0,71003dbb80,71003dbdc0,71003dbe10,71003dbed0,71003dc000,71003dc010,71003dc800,71003dc810,71003dcb20,71003dcbb0,71003dcce0,71003dccf0,71003ddcb0,71003e0120,71003e1800,71003e1ba0,71003e3340,71003e3960,71003e3ab0,71003e3bd0,71003e47d0,71003e49e0,71003e7b50,71003e9800,71003e98b0,71003e99d0,71003e99e0,71003e99f0
71001caf00	71003db8b0,71003dd6c0,71003e22b0,71003e9a00,71003e9a10
71001cbf60	71003db000,71003db340,71003db360,71003db370,71003db3a0,71003db9a0
71001cc100	710003bb14,7100079098,71003dafe0,71003db000,71003db1c0,71003db1d0,71003db1e0,71003db340,71003db3a0,71003ddf20,71003de160,71003e08c0,71003e0ab0,71003e13d0,71003e4040,71003e5300,71003e8b20,71003e8b30
71001cc6f0	7100007a20,71001d4a90,71003daf60,71003dafe0,71003db000,71003db050,71003db0f0,71003db200,71003db340,71003db360,71003db370,71003db390,71003db3a0,71003db480,71003db4f0,71003db810,71003db820,71003db840,71003db8b0,71003db9a0,71003dbb80,71003dcc60,71003dcc90,71003dcd20,71003dcd50,71003de090,71003df130,71003df160,71003df180,71003df190,71003df620,71003df630,71003df640,71003dfdc0,71003dfdd0,71003e2280,71003e29f0,71003e31e0,71003e9a20,71003e9a30,71003e9a40
71001cd45c	71003daf60,71003dafa0,71003db0a0,71003db0f0,71003db2a0,71003db2c0,71003db340,71003db360,71003db370,71003db390,71003db3a0,71003db8b0,71003dbb80,71003dc000,71003dc010,71003dce20,71003df850,71003e3340,71003e9800,71003e9930,71003e9a50
71001cd91c	71003daf60,71003dafa0,71003db0a0,71003db0f0,71003db1c0,71003db1d0,71003db1e0,71003db2a0,71003db2c0,71003db340,71003db360,71003db370,71003db390,71003db3a0,71003db8b0,71003dbb80,71003dc000,71003dc010,71003dce20,71003df850,71003e3340,71003e9800,71003e9930,71003e9a50
71001cde70	71003daf60,71003dafa0,71003dafe0,71003db000,71003db0a0,71003db0f0,71003db1c0,71003db1d0,71003db1e0,71003db200,71003db2a0,71003db2c0,71003db340,71003db360,71003db370,71003db390,71003db3a0,71003db8b0,71003dbb80,71003dc000,71003dc010,71003dcc60,71003dce20,71003df410,71003df850,71003dfdc0,71003dfdd0,71003e3340,71003e9800,71003e9930,71003e9a50,71003e9a60
71001ce580	71003daef0,71003daf60,71003dafa0,71003dafe0,71003db000,71003db0a0,71003db0f0,71003db1c0,71003db1d0,71003db1e0,71003db200,71003db2a0,71003db2c0,71003db340,71003db360,71003db370,71003db390,71003db3a0,71003db470,71003db8b0,71003db9a0,71003dbb80,71003dbc60,71003dc000,71003dc010,71003dc120,71003dcc60,71003dce20,71003df410,71003df480,71003df850,71003dfdc0,71003dfdd0,71003e3340,71003e4040,71003e4d40,71003e9800,71003e9a50,71003e9a60,71003e9a70,71003e9a80,71003e9a90,71003e9aa0
71001cf580	710003bb28,71003daf60,71003dafa0,71003dafe0,71003db000,71003db0a0,71003db0f0,71003db1a0,71003db1c0,71003db1d0,71003db1e0,71003db2a0,71003db2b0,71003db2c0,71003db340,71003db360,71003db370,71003db390,71003db3a0,71003db460,71003db480,71003db4f0,71003db600,71003db630,71003db640,71003db710,71003db8b0,71003db9f0,71003dbb80,71003dbe10,71003dc000,71003dc010,71003dcb20,71003dcbb0,71003dcbc0,71003dccf0,71003dce20,71003ddf20,71003de270,71003e0120,71003e0310,71003e0520,71003e1800,71003e22b0,71003e3340,71003e3960,71003e3980,71003e39c0,71003e3aa0,71003e3b80,71003e3bd0,71003e47d0,71003e4c60,71003e4ca0,71003e4cd0,71003e5080,71003e5b80,71003e6d40,71003e7b50,71003e8310,71003e97f0,71003e9800,71003e98b0,71003e98d0,71003e99d0,71003e99e0,71003e9ab0,71003e9ac0,71003e9ad0
71001d13ac	71003daf60,71003db0a0,71003dc000,71003dc010,71003dce20,71003e3340,71003e97d0
71001d1518	71003daf60,71003db0a0,71003dc000,71003dc010,71003dce20,71003e3340,71003e97d0
71001d1684	71003daf60,71003dafa0,71003db0a0,71003db0f0,71003db1c0,71003db1d0,71003db1e0,71003db2a0,71003db2c0,71003db340,71003db360,71003db370,71003db390,71003db3a0,71003db8b0,71003db9f0,71003dbb80,71003dbd30,71003dc000,71003dc010,71003dc970,71003dc990,71003dca10,71003dca20,71003dcd20,71003dce20,71003de3c0,71003deb80,71003df850,71003df9a0,71003e31e0,71003e3340,71003e6840,71003e6850,71003e9800,71003e9930,71003e9a50,71003e9ae0
71001d2240	71003dafa0,71003dafe0,71003db000,71003db0f0,71003db1c0,71003db1d0,71003db1e0,71003db200,71003db340,71003db460,71003dbb80,71003dbe00,71003dc000,71003dcbb0,71003dcc30,71003dcc90,71003de270,71003df620,71003dfd30,71003dfdc0,71003dfdd0,71003e0310,71003e1800,71003e3090,71003e34a0,71003e3960,71003e97e0,71003e97f0
71001d3688	71003daf30,71003dafa0,71003dafe0,71003db000,71003db1a0,71003db2f0,71003db340,71003dbcd0,71003dc260,71003dcb20,71003dd6c0,71003dfd30,71003dfdc0,71003dfdd0,71003e2270,71003e23b0
71001d4a90	71003db000,71003db340,71003db360,71003db370,71003db3a0,71003db9a0
71001d4c28	71003e9af0
71001d4e80	71000a99d8,71001d5e00,71001dcb9c,71001df72c,71001df740,71003dafd0,71003dafe0,71003db000,71003db050,71003e9b10,71003e9b20,71003e9b30
71001d5e00	71001dcb9c,71003dafd0,71003dafe0,71003db000
71001d6050	71003e0170
71001d60b0	71003dafe0,71003db900,71003db910
71001d6208	71003db920,71003e9b40
71001d6230	7100016860,71000a99d8,71001dcb9c,71003daf30,71003dafd0,71003dafe0,71003db000,71003db050,71003db200,71003db3a0,71003dc890,71003dd1d0,71003dd810,71003dd820,71003dda20,71003dfdc0,71003dfdd0,71003e1820,71003e4cf0,71003e4d00,71003e9b00,71003e9b60,71003e9b70,71003e9b80,71003e9b90,71003e9ba0,71003e9bb0,71003e9bc0,71003e9bd0,71003e9be0,71003e9bf0,71003e9c00,71003e9c10,71003e9c20,71003e9c30,71003e9c40,71003e9c50,71003e9c60,71003e9c70
71001d8020	71003db3a0,71003dc080,71003dc090,71003e9c80
71001d8210	71003db3a0,71003db470,71003db8e0,71003dbb90,71003dcce0,71003dd1d0,71003dd1e0,71003dd230,71003e4b50,71003e5300,71003e9b50,71003e9c60,71003e9c90,71003e9ca0,71003e9cb0,71003e9cc0
71001d8a74	71003e9790
71001d8b4c	71003db920,71003e9cd0
71001d8b70	71003db900,71003db910,71003db920
71001d8cec	71003db900,71003db910,71003db920
71001d8ec4	71003db900,71003db910,71003db920
71001d90a4	71003db900,71003db910,71003db920
71001d9100	71003db0f0,71003db1f0,71003db470,71003db8e0,71003dbb90,71003dbd00,71003dbd10,71003dbde0,71003dbe20,71003e63f0
71001d9494	71003db900,71003db910,71003db920
71001d94f0	71003db0f0,71003db1f0,71003db470,71003db8e0,71003dbb90,71003dbd00,71003dbd10,71003dbde0,71003dbe20,71003e63f0
71001d9860	71003db900,71003db910,71003db920
71001d98c0	71003db0f0,71003db1f0,71003db470,71003db8e0,71003dbb90,71003dbd60,71003dbe20,71003dc3a0,71003dd6c0,71003e2270,71003e63f0,71003e6400
71001daca4	71003db900,71003db910,71003db920
71001daf1c	71003db8e0,71003dbba0
71001dafc8	71003db920,71003db9b0
71001db008	71003db900,71003db910,71003db920
71001db170	71003db900,71003db910,71003db920
71001db1d0	71003db0f0,71003db390,71003db3a0,71003db470,71003dbb80,71003dbb90,71003dc650,71003dcc40,71003e18e0,71003e4d40
71001db408	71003db900,71003db910,71003db920
71001db460	71003db340,71003db360,71003db370,71003db390,71003dbb80,71003dbb90,71003e6840,71003e6850,71003e80b0,71003e8240
71001db6e0	71003db900,71003db910,71003db920
71001db8ec	71003db900,71003db910,71003db920
71001db944	71003db340,71003db360,71003db370,71003db390,71003db3a0,71003dbb80,71003dbb90,71003dbf00,71003dc120,71003e8070
71001dbb14	71003db900,71003db910
71001dbb8c	71003db900,71003db910,71003db920
71001dbc10	71003db0f0,71003db340,71003db360,71003db370,71003db390,71003db3a0,71003db470,71003db9f0,71003dbb80,71003dbb90,71003dbd30,71003dbde0,71003dbe20,71003dc000,71003dc010,71003dc970,71003dc990,71003dca10,71003dca20,71003dcbb0,71003dcd20,71003dce20
71001dc0e4	71003dafe0,71003db900,71003db910
71001dc150	71003dafe0,71003db900,71003db910,71003db920
71001dc1d0	71003db000,71003db0f0,71003db340,71003db360,71003db370,71003db390,71003db3a0,71003db8b0,71003db9a0,71003dbb80,71003dbb90
71001dc3f4	71003db920,71003db9b0
71001dc440	71003db390
71001dc4a0	71003db390,71003db920
71001dc50c	71003db9c0
71001dc540	71003db920,71003db9b0
71001dc580	71003db900,71003db910,71003db920
71001dc740	71003db000,71003db340,71003db9a0
71001dc8c4	71003db920,71003db9b0
71001dc904	71003db900,71003db910,71003db920
71001dcb9c	7100007a40
71001dcc00	71003db9a0
71001dcc88	71003db920,71003db9b0
71001dccd0	71003db390
71001dcd30	71003db390,71003db920
71001dcd9c	71003db9c0
71001dcdd0	71003db920,71003db9b0
71001dce10	71003db000,71003db340,71003db3a0,71003db9a0
71001dcf78	71003db920,71003db9b0
71001dcfc0	71003db390
71001dd020	71003db390,71003db920
71001dd08c	71003db9c0
71001dd0ac	71003db9d0
71001dd0b8	71003db370
71001dd0c0	71003db920,71003db9b0
71001dd100	71003db920,71003db9b0
71001dd140	71003db390
71001dd1a0	71003db390,71003db920
71001dd20c	71003db9c0
71001dd240	71003db920,71003db9b0
71001dd280	71003db920,71003db9b0
71001dd2c0	71003db390
71001dd320	71003db390,71003db920
71001dd38c	71003db9c0
71001dd3c0	71003db920,71003db9b0
71001dd400	71003db000,71003db340,71003db3a0,71003db9a0
71001dd568	71003db920,71003db9b0
71001dd5b0	71003db390
71001dd610	71003db390,71003db920
71001dd67c	71003db9c0
71001dd69c	71003db9d0
71001dd6a8	71003db370
71001dd6b0	71003db920,71003db9b0
71001dd6f0	71003db000,71003db340,71003db3a0,71003db9a0
71001dd858	71003db920,71003db9b0
71001dd8a0	71003db390
71001dd900	71003db390,71003db920
71001dd96c	71003db9c0
71001dd98c	71003db9d0
71001dd998	71003db370
71001dd9a0	71003db920,71003db9b0
71001dd9e0	71003db000,71003db340,71003db3a0,71003db9a0
71001ddb48	71003db920,71003db9b0
71001ddb90	71003db390
71001ddbf0	71003db390,71003db920
71001ddc5c	71003db9c0
71001ddc7c	71003db9d0
71001ddc88	71003db370
71001ddc90	71003db920,71003db9b0
71001ddcd0	71003db920,71003db9b0
71001ddd10	71003db390
71001ddd70	71003db390,71003db920
71001ddddc	71003db9c0
71001dde10	71003db920,71003db9b0
71001dde50	71003db920,71003db9b0
71001dde90	71003db390
71001ddef0	71003db390,71003db920
71001ddf5c	71003db9c0
71001ddf90	71003db920,71003db9b0
71001ddfd0	71003db000,71003db340,71003db3a0,71003db9a0
71001de138	71003db920,71003db9b0
71001de180	71003db390
71001de1e0	71003db390,71003db920
71001de24c	71003db9c0
71001de26c	71003db9d0
71001de278	71003db370
71001de280	71003db920,71003db9b0
71001de2c0	71003db000,71003db340,71003db3a0,71003db9a0
71001de428	71003db920,71003db9b0
71001de470	71003db390
71001de4d0	71003db390,71003db920
71001de53c	71003db9c0
71001de55c	71003db9d0
71001de568	71003db370
71001de570	71003db920,71003db9b0
71001de5b4	71003db9a0
71001de604	71003db920
71001de6b4	71003db9a0
71001de704	71003db920
71001de760	71003db000,71003db340,71003db3a0,71003db9a0
71001de8c8	71003db920,71003db9b0
71001de910	71003db390
71001de970	71003db390,71003db920
71001de9dc	71003db9c0
71001de9fc	71003db9d0
71001dea08	71003db370
71001dea10	71003db920,71003db9b0
71001dea50	71003db920,71003db9b0
71001dea90	71003db390
71001deaf0	71003db390,71003db920
71001deb5c	71003db9c0
71001deb90	71003db920,71003db9b0
71001debd0	71003db000,71003db340,71003db3a0,71003db9a0
71001ded38	71003db920,71003db9b0
71001ded80	71003db390
71001dede0	71003db390,71003db920
71001dee4c	71003db9c0
71001dee6c	71003db9d0
71001dee78	71003db370
71001dee80	71003db920,71003db9b0
71001deec0	71003db000,71003db340,71003db3a0,71003db9a0
71001df028	71003db920,71003db9b0
71001df070	71003db390
71001df0d0	71003db390,71003db920
71001df13c	71003db9c0
71001df15c	71003db9d0
71001df168	71003db370
71001df170	71003db920,71003db9b0
71001df1b0	71003db920,71003db9b0
71001df1f0	71003db390
71001df250	71003db390,71003db920
71001df2bc	71003db9c0
71001df2f0	71003db920,71003db9b0
71001df330	71003db920,71003db9b0
71001df370	71003db390
71001df3d0	71003db390,71003db920
71001df43c	71003db9c0
71001df470	71003db920,71003db9b0
71001df4b0	71001df72c,71003dafe0,71003db000,71003db050,71003e9b10
71001df620	71001dcb9c,71003dafe0,71003db000,71003db050,71003e9b30
71001df72c	7100007a40
71001df740	7100007a40
71001df760	71001df934,71003dafe0,71003db000
71001df934	7100007a40
71001df948	71003de0f0,71003de170
71001df9b8	71003e0170,71003e0180,71003e0190,71003e5690
71001dfb94	71003dafe0,71003db900,71003db910,71003e01d0
71001dfcdc	71003e9d00
71001dfce4	71003db920,71003e9d00
71001dfd08	71003db920,71003e9d00
71001dfd30	71003daec0,71003daf30,71003daf60,71003dafe0,71003db000,71003db0f0,71003db1a0,71003db1c0,71003db1d0,71003db1e0,71003db2a0,71003db2c0,71003db340,71003db360,71003db370,71003db390,71003db3a0,71003db3d0,71003db470,71003db480,71003db4c0,71003db4e0,71003db4f0,71003db520,71003db640,71003db770,71003db790,71003db800,71003db9f0,71003dbb80,71003dbdc0,71003dbde0,71003dc000,71003dc010,71003dc050,71003dc1a0,71003dc250,71003dc270,71003dc420,71003dc450,71003dcb20,71003dcb60,71003dcc40,71003dccf0,71003ddf20,71003de3d0,71003de950,71003de960,71003df880,71003e0310,71003e3090,71003e30a0,71003e3530,71003e3960,71003e3980,71003e41e0,71003e47d0,71003e5460,71003e5530,71003e59e0,71003e5c90,71003e5d90,71003e5ee0,71003e6300,71003e6ec0,71003e8c10,71003e9500,71003e95c0,71003e9810,71003e9d10,71003e9d20,71003e9d30,71003e9d40,71003e9d50,71003e9d60,71003e9d70,71003e9d80,71003e9d90,71003e9da0,71003e9db0,71003e9dc0,71003e9dd0,71003e9de0,71003e9df0,71003e9e00,71003e9e10,71003e9e20,71003e9e30
71001e0ec0	71001e9ce0,71003dafa0,71003dafe0,71003db0a0,71003db1c0,71003db1d0,71003db1e0,71003db200,71003db280,71003db2c0,71003db2f0,71003db340,71003db3a0,71003db4c0,71003db6a0,71003db6b0,71003db700,71003dc000,71003dc050,71003dc1a0,71003dcc40,71003dce20,71003df880,71003dfc00,71003e0170,71003e0310,71003e21e0,71003e2270,71003e3960,71003e3980,71003e3b80,71003e6f00,71003e7f30,71003e9e40,71003e9e50,71003e9e60
71001e1410	710003bb28,71003dafe0,71003db000,71003db3a0,71003ddf20,71003de3c0,71003deb20,71003e62d0
71001e168c	71003daf60,71003e5530,71003e9d50,71003e9d60,71003e9d70
71001e1980	71003dafe0,71003db0f0,71003db280,71003db2c0,71003db340,71003db360,71003db370,71003db390,71003db3a0,71003dbb80,71003dbde0,71003dc450,71003de260,71003e3530,71003e9e70,71003e9e80,71003e9e90,71003e9ea0
71001e1d10	71003db340,71003df880,71003dfd30,71003e9eb0
71001e2224	71003daf60,71003db1a0,71003db2c0,71003db300,71003db340,71003db360,71003db370,71003db390,71003db3a0,71003db430,71003db4c0,71003db770,71003db790,71003db830,71003db9f0,71003dbb80,71003dc000,71003dc670,71003dcb20,71003dcd00,71003dcd80,71003dce20,71003e41e0,71003e5460,71003e5c90,71003e95c0,71003e9d90,71003e9db0,71003e9dc0
71001e2550	71003db4c0,71003db830,71003e6ec0,71003e6f00,71003e9ec0,71003e9ed0,71003e9ee0,71003e9ef0,71003e9f00,71003e9f10,71003e9f20,71003e9f30
71001e2768	71003db1c0,71003db1d0,71003db1e0,71003db200,71003db2a0,71003db2c0,71003db470,71003db480,71003db4c0,71003db520,71003db600,71003db710,71003dc050,71003dc1a0,71003e3960,71003e47d0,71003e4c60,71003e6f00,71003e9f40
71001e29f0	71003db1c0,71003db1d0,71003db1e0,71003db200,71003db2b0,71003db4c0,71003db5e0,71003db640,71003dcc70,71003de0e0,71003df670,71003e21e0,71003e3960,71003e3980,71003e3b90,71003e5c90,71003e5d00,71003e5d90,71003e6d60,71003e8c10
71001e2eb4	71003dafe0,71003db000,71003db340,71003db3a0,71003dd5d0,71003dd8c0,71003dd8d0,71003dd8e0,71003dfa30,71003e2980,71003e85d0
71001e3220	71001e9ccc,71003daf60,71003dafe0,71003db000,71003db050,71003db1c0,71003ddf20,71003e4260
71001e3e20	71003db1a0,71003db2c0,71003db340,71003db360,71003db370,71003db390,71003db3a0,71003db3c0,71003db470,71003db4c0,71003db4f0,71003db830,71003db9f0,71003dbb80,71003dbde0,71003dc6a0,71003dcb30,71003dcd80,71003df8e0,71003e3540,71003e6890,71003e68a0,71003e8e50,71003e8e60
71001e4148	71003daf60,71003db0f0,71003db1a0,71003db280,71003db2a0,71003db2c0,71003db340,71003db360,71003db370,71003db390,71003db3a0,71003db4c0,71003db640,71003db9f0,71003dbb80,71003dc000,71003dc010,71003dc050,71003dc1a0,71003dc450,71003dcb20,71003dcc40,71003dccf0,71003ddf20,71003e0310,71003e3530,71003e3960,71003e3980,71003e5d90,71003e6ec0,71003e8c10,71003e9810,71003e9dd0,71003e9de0,71003e9df0,71003e9ea0,71003e9f30
71001e4710	71003db1c0,71003db1d0,71003db1e0,71003db340,71003db360,71003db370,71003db390,71003db3a0,71003db470,71003db4f0,71003dbb80,71003dbde0,71003dcb30,71003de0b0,71003df850,71003e3540,71003e6840,71003e6850,71003e9f50
71001e4930	71001eae78,71001eae7c,71001eae8c,71003daf60,71003dafe0,71003db000,71003db050,71003db0f0,71003db200,71003db2a0,71003db2c0,71003db2f0,71003db3a0,71003db400,71003db470,71003db480,71003db4c0,71003db4e0,71003db4f0,71003db5f0,71003db600,71003db830,71003dbb80,71003dbd60,71003dbdc0,71003dcb20,71003dcb80,71003dcb90,71003dcc60,71003dcc70,71003df620,71003df670,71003e0290,71003e1ae0,71003e2550,71003e2570,71003e3980,71003e3bd0,71003e6f00,71003e7fd0,71003e9f60,71003e9f70
71001e5230	71003e9ef0
71001e5238	71003e9ef0
71001e5240	71003daf60,71003db1c0,71003db1d0,71003db1e0,71003db200,71003db280,71003db2a0,71003db2c0,71003db340,71003db360,71003db370,71003db390,71003db3a0,71003db470,71003db480,71003db4f0,71003db520,71003dbb80,71003dc050,71003dc1a0,71003dc450,71003dc660,71003dcd80,71003de0e0,71003e3530,71003e3960,71003e47d0,71003e5530,71003e5d00,71003e9d40,71003e9d50,71003e9d60,71003e9d70,71003e9f40
71001e57cc	71003dafe0,71003df9d0,71003e9f80
71001e5b04	71003dafe0,71003df9d0,71003e9f80
71001e5e40	71003dafa0,71003dafe0,71003db0f0,71003db1a0,71003db1c0,71003db1d0,71003db1e0,71003db2a0,71003db2c0,71003db340,71003db360,71003db370,71003db390,71003db3a0,71003db640,71003db710,71003db9f0,71003dbb80,71003dc000,71003dc690,71003dcb20,71003dcc40,71003dccf0,71003dcd80,71003de0b0,71003e0310,71003e3960,71003e3980,71003e4ca0,71003e4cd0,71003e5ac0,71003e5d90,71003e5f40,71003e7fd0,71003e8310,71003e9410,71003e9420
71001e6340	71003db0f0,71003db1a0,71003db1c0,71003db1d0,71003db1e0,71003db2a0,71003db2c0,71003db340,71003db360,71003db370,71003db390,71003db3a0,71003db470,71003db480,71003db4c0,71003db4f0,71003db710,71003db830,71003db9f0,71003dbb80,71003dbde0,71003dcb30,71003de0b0,71003df8e0,71003e3540,71003e3960,71003e3980,71003e4c60,71003e6890,71003e68a0,71003e6ec0,71003e8e50,71003e8e60,71003e9f50
71001e68a0	71000166d8,71000166ec,71000567c0,71003daed0,71003daf00,71003daf60,71003dafe0,71003db000,71003db050,71003db0f0,71003db1a0,71003db200,71003db2a0,71003db2b0,71003db2c0,71003db2f0,71003db340,71003db360,71003db370,71003db390,71003db3a0,71003db400,71003db460,71003db470,71003db480,71003db4c0,71003db4f0,71003db5f0,71003db830,71003dbb80,71003dbd60,71003dbed0,71003dc1a0,71003dc470,71003dc4a0,71003dc4b0,71003dcb20,71003dceb0,71003ddf20,71003de040,71003de0a0,71003df9d0,71003dfa70,71003e05e0,71003e05f0,71003e1c10,71003e21c0,71003e2260,71003e2270,71003e2900,71003e2e20,71003e3090,71003e3980,71003e3bd0,71003e69d0,71003e6f00,71003e7fd0,71003e9f90,71003e9fa0,71003e9fb0,71003e9fc0,71003e9fd0
71001e83c0	71003db200,71003db3a0
71001e851c	71003db200,71003df5a0,71003df5c0,71003e3980,71003e4c10,71003e4c30
71001e861c	71003e3980,71003e4c50
71001e86e4	71003e01b0
71001e871c	71003db3a0
71001e8744	71003db3a0
71001e8790	71003dc2e0,71003dc630,71003ddf20
71001e8a0c	71003db900,71003db910,71003e9fe0
71001e8a8c	71003db900,71003db910,71003db920,71003e9fe0
71001e8b20	71003db470,71003db8e0,71003dbd00,71003dbd10,71003dc520,71003dcbe0,71003dd170,71003dd180,71003def90,71003e9ff0
71001e8ecc	71003db920,71003e9fe0
71001e8f10	71003db8e0,71003dba60,71003dc2f0,71003dc620,71003dc630,71003ea000
71001e9610	710003bb50,71000adce0,71001e9cb8,71003db920,71003db9a0,71003dc2d0,71003dc2e0,71003ddf20,71003ddfa0,71003e9d40
71001e9cb8	7100007a40
71001e9ccc	7100007a40
71001e9ce0	71001e9ce0,71001ea6c0,71001ea880,71001eaa90,71001eacd0,71003de0b0
71001ea6c0	71001eacd0,71003de0b0
71001ea880	71003de0b0
71001eaa90	71001ea6c0,71001ea880,71001eacd0,71003de0b0
71001eacd0	71001ea880,71003de0b0
71001eae2c	71003db9a0
71001eae7c	71003db920
71001eae8c	7100007a40
71001eaea0	71003db000,71003db340,71003db3a0,71003db9a0
71001eb008	71003db920,71003db9b0
71001eb050	71003db390
71001eb0b0	71003db390,71003db920
71001eb11c	71003db9c0
71001eb13c	71003db9d0
71001eb148	71003db370
71001eb150	71003db920,71003db9b0
71001eb190	71003db000,71003db340,71003db3a0,71003db9a0
71001eb2f8	71003db920,71003db9b0
71001eb340	71003db390
71001eb3a0	71003db390,71003db920
71001eb40c	71003db9c0
71001eb42c	71003db9d0
71001eb438	71003db370
71001eb440	71003db920,71003db9b0
71001eb480	71003dafa0,71003dce00,71003e0170
71001eb550	71000166d8,71001f3974,71003dafe0,71003db000,71003dbe00,71003dc1f0,71003ea030
71001ebe00	71000166d8,71003dafe0,71003db000,71003dbe00,71003ea030
71001ec150	71000166d8,710003bb28,71003dafa0,71003dafe0,71003db000,71003db1a0,71003db1c0,71003db1d0,71003db1e0,71003db2f0,71003db9f0,71003dbe00,71003df880,71003e39c0,71003ea030
71001ec9d0	71000166d8,71003dafe0,71003db000,71003dbe00,71003ea030
71001ecbd0	71003dafa0,71003dce00,71003e0170
71001ecce8	71003e22c0,71003ea020
71001ecd70	71000166d8,710003bb28,71003dafa0,71003dafe0,71003db000,71003db1a0,71003db1c0,71003db1d0,71003db1e0,71003db2f0,71003db630,71003db9f0,71003dbe00,71003ea030
71001ed2d4	710002cfd0,710002dc10,710002ec74,71003dafe0,71003db000,71003db1c0,71003db1d0,71003db1e0,71003db340,71003dd860,71003ddf00,71003dfd30,71003dfdc0,71003dfdd0,71003e2980,71003e3180,71003ea070
71001ee660	71003db0f0,71003ea080
71001ee670	71001efa50,71003dafa0,71003dafe0,71003db000,71003db0f0,71003db170,71003db1a0,71003db1c0,71003db1d0,71003db1e0,71003db200,71003db2c0,71003db2f0,71003db300,71003db340,71003db360,71003db370,71003db390,71003db3a0,71003db460,71003db470,71003db600,71003db630,71003db6b0,71003db6e0,71003db6f0,71003dbb80,71003dbb90,71003dbe10,71003dc000,71003dc160,71003dc400,71003dc7a0,71003dc860,71003dcb60,71003dcc60,71003dcc70,71003dcc90,71003dcd00,71003dcda0,71003dce20,71003de070,71003de260,71003de7e0,71003dee70,71003df5c0,71003df880,71003dfdc0,71003dfdd0,71003dfe10,71003dfe80,71003e0170,71003e10a0,71003e1c00,71003e2070,71003e2080,71003e3340,71003e5510,71003e5cf0,71003e8520,71003e8530,71003e8540,71003e8550,71003ea060,71003ea080,71003ea090,71003ea0a0,71003ea0b0,71003ea0c0,71003ea0d0,71003ea0e0,71003ea0f0,71003ea100
71001efa50	71003db000,71003db340,71003db360,71003db370,71003db3a0,71003db9a0
71001efbf0	7100016860,7100022b74,710003bb14,71001f16f0,71003dafd0,71003db000
71001f0050	71000166d8,7100016860,71003daf30,71003dafd0,71003db000,71003db8b0
71001f0278	71003dafa0,71003dce00,71003e0170
71001f03a0	71003dc1a0,71003ea020
71001f0450	71003e3bb0
71001f04b0	71003dafa0,71003dafe0,71003db000,71003db0f0,71003db1a0,71003db280,71003db2c0,71003db340,71003db360,71003db370,71003db390,71003db3a0,71003db600,71003db6e0,71003dbb80,71003dbb90,71003dbdc0,71003dc860,71003dcb20,71003e3bb0,71003e49e0,71003e5510,71003e5cf0,71003e8520,71003e8540,71003e8550,71003ea130,71003ea140,71003ea150,71003ea160,71003ea170,71003ea180
71001f0a10	71000166d8,71003db000,71003db200,71003db8b0
71001f0b4c	71003ea120
71001f0d64	71003ea120
71001f0f7c	71003db920,71003ea190
71001f0fb0	71003ea190
71001f1058	71003db920,71003ea190
71001f1108	71003db920,71003ea190
71001f112c	71003db920,71003ea190
71001f1150	71003dafe0,71003db900,71003db910
71001f1240	71003db920,71003ea190
71001f1270	71000166d8,71003dafd0,71003dafe0,71003db000
71001f13f8	71003db920,71003e00f0
71001f1478	71003db3a0,71003dd680,71003ea1a0
71001f14dc	71003e00f0
71001f14e4	71003db920,71003e00f0
71001f150c	71003db900,71003db910,71003db920
71001f1620	71003dafe0
71001f16f0	7100089164,71001f1860,71001f19e0,71003db000,71003db050
71001f1860	71003dafe0
71001f1940	71003dafe0
71001f19e0	7100088990,71001f1ac0,71001f1b50,71003db000,71003db050
71001f1ac0	71003dafe0
71001f1b50	7100016860,71003dafd0,71003db000
71001f1d00	71003dafe0,71003db900,71003db910
71001f1da4	71003dafe0,71003db900,71003db910,71003db920
71001f1e50	71003db0f0,71003db1c0,71003db1d0,71003db1e0,71003db340,71003db360,71003db370,71003db390,71003db3a0,71003db630,71003db640,71003db650,71003dbb80,71003dbb90,71003dbe10,71003dcca0,71003dce20,71003e22c0,71003e5510,71003ea080,71003ea1b0,71003ea1c0,71003ea1d0,71003ea1e0
71001f2150	71003db000,71003db340,71003db3a0,71003db9a0
71001f22b8	71003db920,71003db9b0
71001f2300	71003db390
71001f2360	71003db390,71003db920
71001f23cc	71003db9c0
71001f23ec	71003db9d0
71001f23f8	71003db370
71001f2400	71003db920,71003db9b0
71001f2440	71000166d8,71003db000,71003db8b0
71001f255c	71003dafe0,71003db900,71003db910
71001f25cc	71003dafe0,71003db900,71003db910,71003db920
71001f2650	71003db000,71003db340,71003db390,71003db470,71003db8e0,71003db9a0,71003dbb80,71003dbb90,71003dbba0,71003dc1a0,71003dc1b0,71003dc1c0,71003dc1f0,71003dc200,71003dc210,71003dc220
71001f2ab0	71003db000,71003db340,71003db390,71003db9a0,71003dc1f0
71001f2d74	71003dc220
71001f2de0	71003dafe0,71003db900,71003db910,71003db920
71001f2e64	71003db8e0,71003dbba0
71001f2f10	71003db920,71003db9b0
71001f2f50	71000166d8,7100016860,71003daf30,71003dafd0,71003db000,71003db8b0
71001f3144	71003dafe0,71003db900,71003db910
71001f31e8	71003dafe0,71003db900,71003db910,71003db920
71001f32a0	71003db340,71003db360,71003db370,71003db390,71003db470,71003db8e0,71003dbb80,71003dbb90,71003dbba0,71003dc5d0,71003dc5e0,71003dc7b0,71003dfe80
71001f343c	71003dce20
71001f3448	71003db340,71003db360,71003db370,71003db390,71003db3a0,71003dbb80,71003dc000,71003dc010,71003dc720,71003dcb00,71003dce20
71001f3558	71003dafe0,71003db900,71003db910,71003db920
71001f360c	71003dafe0,71003db900,71003db910
71001f367c	71003dafe0,71003db900,71003db910,71003db920
71001f3700	71003db000,71003db340,71003db390,71003db470,71003db8e0,71003db9a0,71003dba80,71003dbb80,71003dbb90,71003dbba0,71003dc1f0,71003dc220
71001f3974	7100007a40
71001f3988	71003db920,71003db9b0
71001f39d0	71003db390
71001f3a30	71003db390,71003db920
71001f3a9c	71003db9c0
71001f3ad0	71003db920,71003db9b0
71001f3b10	71003db000,71003db340,71003db3a0,71003db9a0
71001f3c78	71003db920,71003db9b0
71001f3cc0	71003db390
71001f3d20	71003db390,71003db920
71001f3d8c	71003db9c0
71001f3dac	71003db9d0
71001f3db8	71003db370
71001f3dc0	71003db920,71003db9b0
71001f3e00	71003db000,71003db340,71003db3a0,71003db9a0
71001f3f68	71003db920,71003db9b0
71001f3fb0	71003db390
71001f4010	71003db390,71003db920
71001f407c	71003db9c0
71001f409c	71003db9d0
71001f40a8	71003db370
71001f40b0	71003db920,71003db9b0
71001f40f0	71003db000,71003db340,71003db3a0,71003db9a0
71001f4258	71003db920,71003db9b0
71001f42a0	71003db390
71001f4300	71003db390,71003db920
71001f436c	71003db9c0
71001f438c	71003db9d0
71001f4398	71003db370
71001f43a0	71003db920,71003db9b0
71001f43e0	71003db000,71003db340,71003db3a0,71003db9a0
71001f4548	71003db920,71003db9b0
71001f4590	71003db390
71001f45f0	71003db390,71003db920
71001f465c	71003db9c0
71001f467c	71003db9d0
71001f4688	71003db370
71001f4690	71003db920,71003db9b0
71001f46d0	71003db000,71003db340,71003db3a0,71003db9a0
71001f4838	71003db920,71003db9b0
71001f4880	71003db390
71001f48e0	71003db390,71003db920
71001f494c	71003db9c0
71001f496c	71003db9d0
71001f4978	71003db370
71001f4980	71003db920,71003db9b0
71001f49c0	71001a1bd8,71003daf30,71003db920,71003db9a0,71003dfa30
71001f4a70	71001a1bd8,71003daf30,71003db920,71003db9a0,71003dfa30
71001f4b20	71003e1c10,71003e2e20,71003e3340,71003e76b0
71001f4b80	71003e2e20,71003e2e30,71003e3340,71003e76b0
71001f4bd0	71003e2900,71003e2e20,71003e3340,71003e76b0
71001f4c10	71003db3a0,71003dde20
71001f4d40	71003db3a0,71003ea210
71001f4e60	71003dafa0,71003e22c0
71001f5010	71003dafa0,71003db9f0,71003e0310,71003e22c0
71001f5240	71003dbe00,71003de190,71003e2900,71003e29f0,71003e2e20,71003e3340,71003e76b0,71003ea230
71001f5370	71003dafe0,71003db000,71003dbe00,71003dd920,71003df880,71003dfdc0,71003dfdd0,71003e1c00,71003e2300,71003e29f0,71003e3340
71001f55c0	71003dbe00,71003df880,71003e1c00,71003e2300,71003e29f0,71003e3340
71001f5780	71003e1c00
71001f5944	71003e0170
71001f5978	71003e0170,71003ea220,71003ea240,71003ea250,71003ea260
71001f59e4	71003dbdc0,71003dbde0,71003e0170
71001f5a90	71003de040,71003de190,71003e0170
71001f5b74	71003db0f0,71003db340,71003db360,71003db370,71003db390,71003db3a0,71003db480,71003db4c0,71003db4f0,71003db510,71003db770,71003db790,71003dbb80,71003dbb90,71003dbdc0,71003dbde0,71003dcb60,71003de040,71003de120,71003dec10,71003e1da0,71003e5a20,71003e5f00,71003e9500,71003ea260,71003ea270,71003ea280,71003ea290,71003ea2a0,71003ea2b0,71003ea2c0
71001f5ff0	71003de040,71003e0170
71001f6054	71003daf60,71003db0f0,71003db280,71003db2c0,71003dbb90,71003dec20,71003dec40,71003dec50,71003ea2d0
71001f612c	71003de040,71003e0170
71001f6190	71003dbb90,71003debc0
71001f61a8	71003de040,71003e0170
71001f6250	71003dafe0,71003db900,71003db910
71001f6430	71003db920,71003ea2e0
71001f6460	710003bb28,71000539bc,71003dafa0,71003dafe0,71003db000,71003db050,71003db0f0,71003db1a0,71003db200,71003db280,71003db2c0,71003db340,71003db360,71003db370,71003db390,71003db3a0,71003db470,71003db4c0,71003db5e0,71003db5f0,71003db700,71003db770,71003db7c0,71003db800,71003db830,71003db920,71003db9a0,71003db9f0,71003dbb80,71003dbb90,71003dbdc0,71003dbde0,71003dbe10,71003dbe20,71003dc000,71003dc050,71003dc1a0,71003dc860,71003dcb60,71003dcbb0,71003dcc60,71003dcc90,71003dcca0,71003dccf0,71003dce20,71003ddfa0,71003de040,71003debe0,71003df410,71003df880,71003dfd30,71003dfd50,71003dfdc0,71003dfdd0,71003e1c00,71003e1da0,71003e22b0,71003e26d0,71003e2980,71003e34a0,71003e3af0,71003e3b00,71003e3bd0,71003e3ca0,71003e5510,71003e5780,71003e5cf0,71003e8520,71003e8530,71003e8540,71003e8550,71003e9500,71003ea080,71003ea2c0,71003ea2f0,71003ea300,71003ea310,71003ea320,71003ea330,71003ea340,71003ea350,71003ea360,71003ea370,71003ea380,71003ea390,71003ea3a0
71001f8f50	71003dafa0,71003db1a0,71003db8b0
71001f8ffc	71003db900,71003db910
71001f904c	71003db920,71003ea3b0
71001f9070	71003dafa0,71003db0f0,71003db470,71003db9f0,71003dbb90,71003dbd00,71003dbd10,71003dc000,71003dcd40,71003ddca0,71003ddfa0,71003e0310,71003e22b0,71003e22c0,71003e34a0,71003e3960,71003ea080,71003ea200
71001f9760	71003dafa0,71003db8b0,71003db9f0,71003dbd00,71003dbd10,71003dc000,71003dcd40,71003e0310,71003e22c0
71001f9a78	71003db900,71003db910
71001f9ac8	71003db920,71003ea3c0
71001f9af0	71003dafa0,71003db0f0,71003db3a0,71003db470,71003db9f0,71003dbb90,71003dbde0,71003dbe10,71003dc000,71003dc010,71003dc330,71003ddca0,71003ddfa0,71003e0310,71003e22c0,71003e3960,71003e39c0,71003ea080,71003ea200,71003ea3d0
71001fa3bc	71003db8b0
71001fa414	71003db900,71003db910
71001fa464	71003db920,71003ea3e0
71001fa490	71003dafa0,71003db470,71003db9f0,71003dbb90,71003e0310,71003e22c0
71001faadc	71003dafa0,71003e0170
71001fab6c	71003db900,71003db910
71001fac08	71003db920,71003ea3f0
71001fac30	7100016860,71003daef0,71003daf30,71003daf60,71003dafd0,71003dafe0,71003db000,71003db0a0,71003db0f0,71003db1a0,71003db200,71003db2f0,71003db340,71003db360,71003db370,71003db390,71003db3a0,71003db460,71003db470,71003db480,71003db4c0,71003db4f0,71003db630,71003db7c0,71003db800,71003db820,71003db830,71003db920,71003db9f0,71003dbb80,71003dbb90,71003dbde0,71003dbe00,71003dbe80,71003dbe90,71003dc000,71003dc010,71003dc050,71003dc1a0,71003dc210,71003dc250,71003dc270,71003dc290,71003dc330,71003dc430,71003dc460,71003dc5d0,71003dc5e0,71003dc680,71003dc6b0,71003dc770,71003dc780,71003dc860,71003dcb60,71003dcba0,71003dcc50,71003dcc60,71003dcc90,71003dcd80,71003dcda0,71003dce20,71003dd8e0,71003dd920,71003ddca0,71003ddf00,71003df410,71003df620,71003df850,71003dfba0,71003dfd30,71003dfdc0,71003dfdd0,71003e0310,71003e1c00,71003e1c10,71003e26d0,71003e2900,71003e29f0,71003e2e20,71003e2e30,71003e3340,71003e3510,71003e3530,71003e3540,71003e39c0,71003e4ba0,71003e4da0,71003e5510,71003e5cf0,71003e69d0,71003e76b0,71003e78d0,71003e78e0,71003e78f0,71003e80b0,71003e8240,71003e8520,71003e8530,71003e8540,71003e8550,71003ea080,71003ea400,71003ea410
71001ff2dc	71003daf60
71001ff30c	71003db340,71003db360,71003db370,71003db390,71003db3a0,71003dbf10,71003dbf40,71003de040,71003dec40,71003dec80,71003decc0,71003e6350,71003e8070,71003e8080,71003e8bd0,71003e8be0,71003e8bf0,71003e8c00
71001ff5f4	71003dafa0,71003db920,71003db9a0,71003e0170
71001ff6ac	71003db900,71003db910,71003db920,71003db9a0
71001ff74c	71003db920,71003ea420
71001ff770	7100016860,71003daf30,71003dafd0,71003dafe0,71003db000,71003db0f0,71003db170,71003db1a0,71003db200,71003db210,71003db2c0,71003db2f0,71003db340,71003db360,71003db370,71003db390,71003db3a0,71003db460,71003db470,71003db480,71003db4f0,71003db920,71003db9f0,71003dbb80,71003dbe80,71003dbe90,71003dc000,71003dc010,71003dc050,71003dc1a0,71003dc290,71003dc330,71003dc460,71003dc5d0,71003dc5e0,71003dc770,71003dcba0,71003dcc60,71003dcc90,71003dce20,71003dd920,71003ddca0,71003df410,71003df620,71003dfd30,71003dfdc0,71003dfdd0,71003e0310,71003e1c00,71003e1c10,71003e2900,71003e29f0,71003e2e20,71003e2e30,71003e3340,71003e3540,71003e39c0,71003e4ba0,71003e4da0,71003e69d0,71003e76b0,71003ea400
